/*--------------------------------*- C++ -*----------------------------------*\
| =========                 |                                                 |
| \\      /  F ield         | OpenFOAM: The Open Source CFD Toolbox           |
|  \\    /   O peration     | Version:  2112                                  |
|   \\  /    A nd           | Website:  www.openfoam.com                      |
|    \\/     M anipulation  |                                                 |
\*---------------------------------------------------------------------------*/
FoamFile
{
    version     2.0;
    format      ascii;
    arch        "LSB;label=32;scalar=64";
    class       volScalarField;
    location    "0";
    object      Cz;
}
// * * * * * * * * * * * * * * * * * * * * * * * * * * * * * * * * * * * * * //

dimensions      [0 1 0 0 0 0 0];

internalField   nonuniform List<scalar> 
4000
(
1.57618428e-05
4.7309167e-05
7.8903804e-05
0.000110545825
0.0001422353
0.000173972301
0.0002057569
0.000237589167
0.000269469175
0.000301396994
0.000333372696
0.000365396354
0.000397468038
0.000429587822
0.000461755777
0.000493971976
0.000526236491
0.000558549393
0.000590910757
0.000623320655
0.000655779159
0.000688286342
0.000720842277
0.000753447038
0.000786100697
0.000818803329
0.000851555006
0.000884355801
0.00091720579
0.000950105045
0.00098305364
0.00101605165
0.00104909915
0.00108219621
0.0011153429
0.00114853931
0.00118178551
0.00121508156
0.00124842755
0.00128182356
0.00131526964
0.00134876589
0.00138231237
0.00141590916
0.00144955634
0.00148325398
0.00151700216
0.00155080096
0.00158465044
0.00161855069
0.00165250178
0.00168650378
0.00172055678
0.00175466086
0.00178881607
0.00182302252
0.00185728026
0.00189158938
0.00192594996
0.00196036206
0.00199482578
0.00202934119
0.00206390835
0.00209852736
0.00213319829
0.00216792122
0.00220269622
0.00223752337
0.00227240276
0.00230733446
0.00234231854
0.00237735509
0.00241244419
0.00244758591
0.00248278034
0.00251802755
0.00255332762
0.00258868063
0.00262408666
0.00265954579
0.0026950581
0.00273062367
0.00276624257
0.0028019149
0.00283764073
0.00287342013
0.0029092532
0.00294514001
0.00298108063
0.00301707516
0.00305312367
0.00308922624
0.00312538296
0.00316159391
0.00319785916
0.0032341788
0.00327055291
0.00330698157
0.00334346486
0.00338000287
0.00341659568
0.00345324337
0.00348994602
0.00352670371
0.00356351653
0.00360038456
0.00363730788
0.00367428658
0.00371132074
0.00374841043
0.00378555576
0.00382275679
0.00386001361
0.00389732631
0.00393469497
0.00397211967
0.0040096005
0.00404713754
0.00408473087
0.00412238059
0.00416008677
0.0041978495
0.00423566886
0.00427354494
0.00431147783
0.00434946761
0.00438751436
0.00442561817
0.00446377913
0.00450199732
0.00454027282
0.00457860573
0.00461699613
0.0046554441
0.00469394974
0.00473251313
0.00477113435
0.00480981349
0.00484855064
0.00488734588
0.00492619931
0.00496511101
0.00500408107
0.00504310957
0.0050821966
0.00512134225
0.00516054661
0.00519980977
0.00523913182
0.00527851283
0.00531795291
0.00535745213
0.0053970106
0.00543662839
0.0054763056
0.00551604232
0.00555583862
0.00559569462
0.00563561038
0.00567558601
0.0057156216
0.00575571722
0.00579587298
0.00583608896
0.00587636526
0.00591670196
0.00595709915
0.00599755693
0.00603807539
0.00607865461
0.00611929469
0.00615999572
0.00620075779
0.00624158099
0.00628246542
0.00632341116
0.00636441832
0.00640548697
0.00644661721
0.00648780914
0.00652906285
0.00657037842
0.00661175596
0.00665319555
0.00669469729
0.00673626128
0.0067778876
0.00681957634
0.00686132761
0.0069031415
0.0069450181
0.00698695749
0.00702895979
0.00707102508
0.00711315346
0.00715534502
0.00719759985
0.00723991806
0.00728229973
0.00732474497
0.00736725386
0.0074098265
0.00745246299
0.00749516342
0.0075379279
0.00758075651
0.00762364935
0.00766660652
0.00770962811
0.00775271423
0.00779586496
0.00783908041
0.00788236067
0.00792570584
0.00796911601
0.00801259129
0.00805613177
0.00809973755
0.00814340873
0.0081871454
0.00823094767
0.00827481563
0.00831874938
0.00836274901
0.00840681464
0.00845094635
0.00849514425
0.00853940843
0.008583739
0.00862813606
0.00867259969
0.00871713002
0.00876172712
0.00880639111
0.00885112208
0.00889592014
0.00894078538
0.00898571791
0.00903071783
0.00907578523
0.00912092023
0.00916612291
0.00921139339
0.00925673176
0.00930213813
0.00934761259
0.00939315525
0.00943876622
0.00948444559
0.00953019347
0.00957600996
0.00962189516
0.00966784917
0.00971387211
0.00975996407
0.00980612515
0.00985235546
0.00989865511
0.00994502419
0.00999146282
0.0100379711
0.0100845491
0.010131197
0.0101779148
0.0102247027
0.0102715608
0.0103184891
0.0103654879
0.0104125571
0.0104596969
0.0105069074
0.0105541887
0.0106015409
0.0106489641
0.0106964585
0.0107440241
0.010791661
0.0108393693
0.0108871492
0.0109350008
0.0109829241
0.0110309193
0.0110789865
0.0111271258
0.0111753373
0.0112236211
0.0112719772
0.0113204059
0.0113689073
0.0114174814
0.0114661283
0.0115148482
0.0115636411
0.0116125073
0.0116614467
0.0117104595
0.0117595458
0.0118087057
0.0118579394
0.0119072469
0.0119566283
0.0120060838
0.0120556135
0.0121052175
0.0121548958
0.0122046487
0.0122544762
0.0123043784
0.0123543554
0.0124044074
0.0124545345
0.0125047367
0.0125550142
0.0126053672
0.0126557956
0.0127062997
0.0127568795
0.0128075352
0.0128582668
0.0129090745
0.0129599585
0.0130109187
0.0130619554
0.0131130686
0.0131642584
0.0132155251
0.0132668686
0.0133182891
0.0133697868
0.0134213616
0.0134730139
0.0135247436
0.0135765508
0.0136284358
0.0136803986
0.0137324393
0.013784558
0.013836755
0.0138890302
0.0139413838
0.0139938159
0.0140463267
0.0140989162
0.0141515845
0.0142043319
0.0142571584
0.0143100641
0.0143630491
0.0144161136
0.0144692577
0.0145224815
0.0145757851
0.0146291687
0.0146826323
0.0147361761
0.0147898002
0.0148435048
0.0148972898
0.0149511555
0.0150051021
0.0150591295
0.0151132379
0.0151674275
0.0152216984
0.0152760507
0.0153304844
0.0153849998
0.015439597
0.0154942761
0.0155490371
0.0156038803
0.0156588057
0.0157138135
0.0157689038
0.0158240768
0.0158793324
0.015934671
0.0159900925
0.0160455972
0.016101185
0.0161568563
0.0162126111
0.0162684494
0.0163243715
0.0163803775
0.0164364675
0.0164926416
0.0165488999
0.0166052426
0.0166616699
0.0167181817
0.0167747783
0.0168314598
0.0168882262
0.0169450779
0.0170020147
0.017059037
0.0171161448
0.0171733382
0.0172306174
0.0172879826
0.0173454337
0.017402971
0.0174605946
0.0175183046
0.0175761012
0.0176339844
0.0176919545
0.0177500115
0.0178081556
0.0178663868
0.0179247055
0.0179831115
0.0180416052
0.0181001865
0.0181588558
0.018217613
0.0182764584
0.018335392
0.018394414
0.0184535245
0.0185127236
0.0185720116
0.0186313884
0.0186908543
0.0187504094
0.0188100538
0.0188697877
0.0189296111
0.0189895243
0.0190495273
0.0191096203
0.0191698034
0.0192300768
0.0192904406
0.0193508949
0.0194114399
0.0194720756
0.0195328023
0.0195936201
0.0196545291
0.0197155295
0.0197766213
0.0198378048
0.01989908
0.0199604471
0.0200219062
0.0200834576
0.0201451012
0.0202068373
0.0202686659
0.0203305873
0.0203926016
0.0204547088
0.0205169093
0.020579203
0.0206415901
0.0207040708
0.0207666451
0.0208293134
0.0208920756
0.0209549319
0.0210178825
0.0210809276
0.0211440671
0.0212073014
0.0212706305
0.0213340546
0.0213975738
0.0214611882
0.0215248981
0.0215887035
0.0216526046
0.0217166016
0.0217806945
0.0218448835
0.0219091688
0.0219735506
0.0220380288
0.0221026038
0.0221672756
0.0222320444
0.0222969104
0.0223618736
0.0224269343
0.0224920925
0.0225573485
0.0226227023
0.0226881541
0.0227537041
0.0228193524
0.0228850992
0.0229509445
0.0230168886
0.0230829316
0.0231490737
0.023215315
0.0232816555
0.0233480956
0.0234146354
0.0234812749
0.0235480144
0.0236148539
0.0236817937
0.0237488339
0.0238159747
0.0238832161
0.0239505584
0.0240180016
0.0240855461
0.0241531918
0.0242209389
0.0242887877
0.0243567382
0.0244247907
0.0244929452
0.0245612019
0.0246295609
0.0246980225
0.0247665868
0.0248352539
0.024904024
0.0249728972
0.0250418737
0.0251109537
0.0251801373
0.0252494246
0.0253188158
0.0253883111
0.0254579106
0.0255276145
0.025597423
0.0256673361
0.0257373541
0.0258074771
0.0258777053
0.0259480387
0.0260184777
0.0260890223
0.0261596727
0.0262304291
0.0263012916
0.0263722603
0.0264433355
0.0265145173
0.0265858058
0.0266572013
0.0267287038
0.0268003136
0.0268720307
0.0269438555
0.0270157879
0.0270878282
0.0271599766
0.0272322331
0.0273045981
0.0273770715
0.0274496537
0.0275223447
0.0275951447
0.0276680539
0.0277410724
0.0278142005
0.0278874382
0.0279607858
0.0280342433
0.028107811
0.0281814891
0.0282552777
0.0283291769
0.028403187
0.028477308
0.0285515402
0.0286258838
0.0287003388
0.0287749055
0.028849584
0.0289243746
0.0289992773
0.0290742923
0.0291494198
0.02922466
0.0293000131
0.0293754791
0.0294510584
0.0295267509
0.0296025571
0.0296784768
0.0297545105
0.0298306582
0.0299069201
0.0299832963
0.0300597871
0.0301363926
0.0302131131
0.0302899485
0.0303668992
0.0304439653
0.030521147
0.0305984444
0.0306758578
0.0307533873
0.030831033
0.0309087952
0.030986674
0.0310646696
0.0311427822
0.0312210119
0.031299359
0.0313778235
0.0314564058
0.0315351058
0.031613924
0.0316928603
0.031771915
0.0318510882
0.0319303802
0.0320097912
0.0320893212
0.0321689705
0.0322487392
0.0323286276
0.0324086358
0.0324887639
0.0325690123
0.032649381
0.0327298702
0.0328104802
0.032891211
0.0329720629
0.0330530361
0.0331341307
0.0332153469
0.033296685
0.033378145
0.0334597272
0.0335414317
0.0336232588
0.0337052086
0.0337872813
0.0338694771
0.0339517962
0.0340342387
0.0341168048
0.0341994948
0.0342823088
0.034365247
0.0344483096
0.0345314967
0.0346148087
0.0346982455
0.0347818075
0.0348654948
0.0349493077
0.0350332462
0.0351173106
0.0352015011
0.0352858178
0.035370261
0.0354548309
0.0355395275
0.0356243512
0.0357093022
0.0357943805
0.0358795864
0.0359649201
0.0360503818
0.0361359716
0.0362216898
0.0363075366
0.0363935121
0.0364796165
0.0365658501
0.036652213
0.0367387055
0.0368253276
0.0369120797
0.0369989619
0.0370859743
0.0371731173
0.037260391
0.0373477955
0.0374353311
0.037522998
0.0376107964
0.0376987265
0.0377867884
0.0378749824
0.0379633087
0.0380517674
0.0381403588
0.0382290831
0.0383179404
0.038406931
0.0384960551
0.0385853128
0.0386747044
0.03876423
0.0388538899
0.0389436843
0.0390336134
0.0391236773
0.0392138763
0.0393042105
0.0393946803
0.0394852857
0.039576027
0.0396669044
0.0397579181
0.0398490682
0.0399403551
0.0400317789
0.0401233398
0.040215038
0.0403068738
0.0403988473
0.0404909587
0.0405832082
0.0406755961
0.0407681226
0.0408607878
0.040953592
0.0410465354
0.0411396182
0.0412328405
0.0413262027
0.0414197049
0.0415133473
0.0416071302
0.0417010537
0.0417951181
0.0418893236
0.0419836703
0.0420781585
0.0421727885
0.0422675603
0.0423624743
0.0424575307
0.0425527296
0.0426480712
0.0427435559
0.0428391837
0.042934955
0.0430308699
0.0431269287
0.0432231315
0.0433194786
0.0434159702
0.0435126065
0.0436093877
0.0437063141
0.0438033859
0.0439006032
0.0439979663
0.0440954755
0.0441931309
0.0442909327
0.0443888812
0.0444869766
0.0445852192
0.0446836091
0.0447821465
0.0448808317
0.0449796649
0.0450786464
0.0451777762
0.0452770548
0.0453764823
0.0454760588
0.0455757847
0.0456756602
0.0457756854
0.0458758607
0.0459761862
0.0460766622
0.0461772888
0.0462780664
0.0463789951
0.0464800751
0.0465813068
0.0466826903
0.0467842258
0.0468859136
0.0469877539
0.047089747
0.047191893
0.0472941922
0.0473966448
0.0474992511
0.0476020113
0.0477049256
0.0478079942
0.0479112174
0.0480145954
0.0481181284
0.0482218167
0.0483256606
0.0484296601
0.0485338156
0.0486381274
0.0487425956
0.0488472204
0.0489520022
0.0490569411
0.0491620374
0.0492672913
0.0493727031
0.0494782729
0.0495840011
0.0496898878
0.0497959334
0.049902138
0.0500085018
0.0501150252
0.0502217083
0.0503285515
0.0504355548
0.0505427187
0.0506500433
0.0507575288
0.0508651755
0.0509729837
0.0510809535
0.0511890853
0.0512973793
0.0514058356
0.0515144547
0.0516232366
0.0517321816
0.0518412901
0.0519505622
0.0520599981
0.0521695982
0.0522793627
0.0523892918
0.0524993857
0.0526096448
0.0527200692
0.0528306592
0.0529414151
0.0530523371
0.0531634254
0.0532746804
0.0533861022
0.0534976911
0.0536094473
0.0537213712
0.0538334629
0.0539457227
0.0540581509
0.0541707477
0.0542835134
0.0543964482
0.0545095523
0.0546228261
0.0547362698
0.0548498836
0.0549636678
0.0550776226
0.0551917483
0.0553060452
0.0554205136
0.0555351535
0.0556499655
0.0557649496
0.0558801061
0.0559954354
0.0561109376
0.056226613
0.056342462
0.0564584846
0.0565746813
0.0566910522
0.0568075977
0.056924318
0.0570412133
0.0571582839
0.0572755301
0.0573929521
0.0575105502
0.0576283247
0.0577462758
0.0578644039
0.0579827091
0.0581011917
0.058219852
0.0583386902
0.0584577067
0.0585769017
0.0586962755
0.0588158282
0.0589355603
0.0590554719
0.0591755634
0.059295835
0.059416287
0.0595369196
0.0596577331
0.0597787278
0.059899904
0.0600212619
0.0601428018
0.060264524
0.0603864287
0.0605085163
0.0606307869
0.060753241
0.0608758786
0.0609987003
0.0611217061
0.0612448964
0.0613682714
0.0614918315
0.0616155769
0.0617395078
0.0618636246
0.0619879276
0.062112417
0.0622370931
0.0623619562
0.0624870065
0.0626122444
0.0627376701
0.0628632839
0.0629890861
0.063115077
0.0632412568
0.0633676259
0.0634941845
0.0636209328
0.0637478713
0.0638750002
0.0640023197
0.0641298301
0.0642575318
0.064385425
0.06451351
0.0646417872
0.0647702566
0.0648989188
0.0650277739
0.0651568223
0.0652860642
0.0654154999
0.0655451298
0.0656749541
0.065804973
0.065935187
0.0660655963
0.0661962011
0.0663270018
0.0664579987
0.066589192
0.0667205821
0.0668521692
0.0669839537
0.0671159358
0.0672481159
0.0673804942
0.0675130711
0.0676458467
0.0677788215
0.0679119957
0.0680453697
0.0681789437
0.068312718
0.0684466929
0.0685808687
0.0687152458
0.0688498244
0.0689846049
0.0691195875
0.0692547725
0.0693901603
0.0695257511
0.0696615452
0.0697975431
0.0699337448
0.0700701509
0.0702067615
0.070343577
0.0704805977
0.0706178239
0.0707552558
0.0708928939
0.0710307385
0.0711687897
0.071307048
0.0714455136
0.0715841869
0.0717230682
0.0718621578
0.0720014559
0.072140963
0.0722806793
0.0724206051
0.0725607408
0.0727010867
0.072841643
0.0729824102
0.0731233884
0.0732645781
0.0734059795
0.073547593
0.0736894189
0.0738314574
0.073973709
0.074116174
0.0742588526
0.0744017452
0.074544852
0.0746881735
0.07483171
0.0749754617
0.075119429
0.0752636122
0.0754080117
0.0755526277
0.0756974606
0.0758425107
0.0759877784
0.0761332639
0.0762789676
0.0764248898
0.0765710309
0.0767173911
0.0768639709
0.0770107704
0.0771577902
0.0773050304
0.0774524914
0.0776001736
0.0777480773
0.0778962028
0.0780445505
0.0781931206
0.0783419136
0.0784909297
0.0786401693
0.0787896327
0.0789393202
0.0790892323
0.0792393692
0.0793897312
0.0795403188
0.0796911322
0.0798421718
0.0799934379
0.0801449308
0.080296651
0.0804485987
0.0806007743
0.0807531781
0.0809058104
0.0810586717
0.0812117622
0.0813650824
0.0815186324
0.0816724128
0.0818264238
0.0819806657
0.082135139
0.082289844
0.0824447809
0.0825999503
0.0827553523
0.0829109874
0.0830668559
0.0832229582
0.0833792946
0.0835358655
0.0836926712
0.083849712
0.0840069884
0.0841645006
0.0843222491
0.0844802341
0.0846384561
0.0847969154
0.0849556123
0.0851145472
0.0852737205
0.0854331325
0.0855927836
0.0857526741
0.0859128044
0.0860731749
0.0862337859
0.0863946377
0.0865557308
0.0867170655
0.0868786421
0.0870404611
0.0872025227
0.0873648274
0.0875273756
0.0876901675
0.0878532035
0.0880164841
0.0881800095
0.0883437802
0.0885077965
0.0886720587
0.0888365674
0.0890013227
0.0891663251
0.089331575
0.0894970728
0.0896628187
0.0898288132
0.0899950566
0.0901615494
0.0903282919
0.0904952844
0.0906625274
0.0908300212
0.0909977662
0.0911657628
0.0913340113
0.0915025122
0.0916712658
0.0918402724
0.0920095325
0.0921790465
0.0923488147
0.0925188375
0.0926891153
0.0928596484
0.0930304373
0.0932014824
0.093372784
0.0935443425
0.0937161582
0.0938882317
0.0940605632
0.0942331532
0.094406002
0.09457911
0.0947524777
0.0949261054
0.0950999934
0.0952741423
0.0954485523
0.0956232239
0.0957981575
0.0959733534
0.096148812
0.0963245338
0.0965005192
0.0966767684
0.096853282
0.0970300604
0.0972071038
0.0973844128
0.0975619877
0.0977398289
0.0979179368
0.0980963118
0.0982749543
0.0984538648
0.0986330436
0.0988124911
0.0989922077
0.0991721938
0.0993524499
0.0995329764
0.0997137735
0.0998948418
0.100076182
0.100257794
0.100439678
0.100621835
0.100804265
0.100986969
0.101169946
0.101353199
0.101536726
0.101720528
0.101904606
0.10208896
0.10227359
0.102458498
0.102643682
0.102829145
0.103014885
0.103200904
0.103387203
0.10357378
0.103760637
0.103947775
0.104135193
0.104322892
0.104510873
0.104699136
0.104887681
0.105076509
0.10526562
0.105455014
0.105644693
0.105834656
0.106024904
0.106215438
0.106406257
0.106597362
0.106788754
0.106980433
0.107172399
0.107364654
0.107557196
0.107750028
0.107943148
0.108136558
0.108330259
0.10852425
0.108718531
0.108913104
0.109107969
0.109303126
0.109498576
0.109694319
0.109890356
0.110086686
0.110283311
0.110480231
0.110677446
0.110874957
0.111072764
0.111270868
0.111469269
0.111667968
0.111866964
0.112066259
0.112265853
0.112465746
0.112665939
0.112866432
0.113067226
0.113268321
0.113469718
0.113671416
0.113873417
0.114075722
0.114278329
0.11448124
0.114684456
0.114887976
0.115091802
0.115295933
0.115500371
0.115705115
0.115910166
0.116115525
0.116321191
0.116527167
0.116733451
0.116940044
0.117146947
0.117354161
0.117561685
0.117769521
0.117977668
0.118186127
0.118394899
0.118603984
0.118813383
0.119023096
0.119233123
0.119443465
0.119654123
0.119865097
0.120076387
0.120287994
0.120499918
0.12071216
0.12092472
0.1211376
0.121350798
0.121564316
0.121778155
0.121992314
0.122206794
0.122421596
0.12263672
0.122852167
0.123067937
0.12328403
0.123500448
0.12371719
0.123934257
0.12415165
0.124369369
0.124587414
0.124805786
0.125024486
0.125243514
0.12546287
0.125682555
0.12590257
0.126122915
0.12634359
0.126564596
0.126785933
0.127007603
0.127229605
0.12745194
0.127674608
0.12789761
0.128120947
0.128344618
0.128568626
0.128792969
0.129017648
0.129242665
0.129468019
0.129693711
0.129919741
0.13014611
0.130372819
0.130599868
0.130827257
0.131054988
0.13128306
0.131511474
0.13174023
0.13196933
0.132198773
0.132428561
0.132658693
0.13288917
0.133119992
0.133351161
0.133582677
0.13381454
0.13404675
0.134279309
0.134512217
0.134745474
0.13497908
0.135213037
0.135447345
0.135682005
0.135917016
0.13615238
0.136388096
0.136624167
0.136860591
0.13709737
0.137334504
0.137571993
0.137809839
0.138048041
0.138286601
0.138525519
0.138764794
0.139004429
0.139244423
0.139484777
0.139725491
0.139966567
0.140208004
0.140449803
0.140691965
0.14093449
0.141177378
0.141420631
0.141664249
0.141908232
0.142152581
0.142397296
0.142642379
0.142887829
0.143133647
0.143379834
0.14362639
0.143873316
0.144120612
0.144368279
0.144616317
0.144864727
0.14511351
0.145362666
0.145612196
0.1458621
0.146112379
0.146363033
0.146614063
0.14686547
0.147117253
0.147369414
0.147621954
0.147874872
0.148128169
0.148381846
0.148635904
0.148890343
0.149145163
0.149400366
0.149655951
0.149911919
0.150168272
0.150425009
0.150682131
0.150939638
0.151197532
0.151455812
0.15171448
0.151973536
0.15223298
0.152492814
0.152753037
0.15301365
0.153274655
0.15353605
0.153797838
0.154060018
0.154322592
0.154585559
0.15484892
0.155112677
0.155376829
0.155641378
0.155906323
0.156171665
0.156437406
0.156703545
0.156970083
0.157237021
0.157504359
0.157772098
0.158040239
0.158308781
0.158577727
0.158847076
0.159116829
0.159386986
0.159657548
0.159928517
0.160199892
0.160471673
0.160743863
0.16101646
0.161289466
0.161562882
0.161836708
0.162110944
0.162385592
0.162660652
0.162936124
0.163212009
0.163488309
0.163765022
0.164042151
0.164319695
0.164597655
0.164876032
0.165154827
0.16543404
0.165713671
0.165993722
0.166274193
0.166555085
0.166836397
0.167118132
0.167400289
0.16768287
0.167965874
0.168249303
0.168533156
0.168817436
0.169102142
0.169387274
0.169672835
0.169958823
0.170245241
0.170532088
0.170819365
0.171107073
0.171395213
0.171683785
0.171972789
0.172262227
0.172552099
0.172842406
0.173133148
0.173424327
0.173715941
0.174007994
0.174300484
0.174593413
0.174886781
0.175180589
0.175474838
0.175769528
0.17606466
0.176360235
0.176656253
0.176952715
0.177249622
0.177546973
0.177844771
0.178143016
0.178441707
0.178740847
0.179040435
0.179340473
0.17964096
0.179941899
0.180243288
0.18054513
0.180847424
0.181150172
0.181453373
0.18175703
0.182061141
0.182365709
0.182670734
0.182976216
0.183282156
0.183588555
0.183895414
0.184202733
0.184510512
0.184818754
0.185127457
0.185436624
0.185746254
0.186056349
0.186366908
0.186677934
0.186989425
0.187301384
0.187613811
0.187926707
0.188240071
0.188553906
0.188868211
0.189182988
0.189498237
0.189813958
0.190130154
0.190446823
0.190763967
0.191081587
0.191399683
0.191718256
0.192037307
0.192356837
0.192676845
0.192997334
0.193318303
0.193639754
0.193961687
0.194284102
0.194607002
0.194930385
0.195254253
0.195578607
0.195903448
0.196228776
0.196554591
0.196880896
0.197207689
0.197534973
0.197862747
0.198191014
0.198519772
0.198849024
0.199178769
0.199509009
0.199839744
0.200170975
0.200502703
0.200834928
0.201167652
0.201500875
0.201834597
0.20216882
0.202503544
0.20283877
0.203174499
0.203510731
0.203847468
0.20418471
0.204522457
0.204860711
0.205199472
0.205538742
0.20587852
0.206218808
0.206559606
0.206900915
0.207242736
0.20758507
0.207927917
0.208271278
0.208615154
0.208959546
0.209304455
0.20964988
0.209995824
0.210342287
0.210689269
0.211036771
0.211384795
0.211733341
0.212082409
0.212432001
0.212782117
0.213132759
0.213483926
0.21383562
0.214187841
0.214540591
0.214893869
0.215247678
0.215602017
0.215956887
0.21631229
0.216668225
0.217024695
0.217381699
0.217739238
0.218097314
0.218455927
0.218815077
0.219174766
0.219534995
0.219895764
0.220257074
0.220618926
0.22098132
0.221344258
0.22170774
0.222071768
0.222436341
0.222801461
0.223167129
0.223533345
0.22390011
0.224267426
0.224635292
0.22500371
0.225372681
0.225742204
0.226112283
0.226482916
0.226854104
0.22722585
0.227598153
0.227971015
0.228344435
0.228718416
0.229092958
0.229468061
0.229843727
0.230219956
0.23059675
0.230974108
0.231352033
0.231730524
0.232109583
0.232489211
0.232869407
0.233250174
0.233631513
0.234013423
0.234395905
0.234778962
0.235162592
0.235546799
0.235931581
0.23631694
0.236702878
0.237089394
0.23747649
0.237864166
0.238252424
0.238641264
0.239030688
0.239420695
0.239811287
0.240202465
0.24059423
0.240986582
0.241379523
0.241773053
0.242167173
0.242561884
0.242957187
0.243353083
0.243749573
0.244146657
0.244544337
0.244942614
0.245341487
0.245740959
0.24614103
0.246541701
0.246942973
0.247344847
0.247747323
0.248150403
0.248554088
0.248958377
0.249363274
0.249768777
0.250174889
0.25058161
0.25098894
0.251396882
0.251805435
0.252214601
0.252624381
0.253034775
0.253445785
0.253857411
0.254269655
0.254682517
0.255095998
0.255510099
0.255924821
0.256340165
0.256756132
0.257172723
0.257589938
0.25800778
0.258426248
0.258845343
0.259265068
0.259685421
0.260106405
0.260528021
0.260950268
0.261373149
0.261796664
0.262220815
0.262645601
0.263071025
0.263497086
0.263923787
0.264351127
0.264779109
0.265207732
0.265636998
0.266066908
0.266497462
0.266928662
0.26736051
0.267793004
0.268226147
0.26865994
0.269094384
0.269529479
0.269965226
0.270401627
0.270838683
0.271276394
0.271714761
0.272153786
0.27259347
0.273033812
0.273474815
0.27391648
0.274358807
0.274801797
0.275245452
0.275689772
0.276134758
0.276580412
0.277026734
0.277473725
0.277921387
0.27836972
0.278818726
0.279268405
0.279718758
0.280169787
0.280621492
0.281073875
0.281526936
0.281980677
0.282435098
0.2828902
0.283345986
0.283802454
0.284259608
0.284717446
0.285175972
0.285635185
0.286095087
0.286555679
0.287016961
0.287478935
0.287941602
0.288404963
0.288869019
0.289333771
0.28979922
0.290265367
0.290732212
0.291199759
0.291668006
0.292136955
0.292606608
0.293076965
0.293548028
0.294019797
0.294492274
0.294965459
0.295439354
0.29591396
0.296389277
0.296865307
0.297342051
0.29781951
0.298297686
0.298776578
0.299256188
0.299736518
0.300217569
0.30069934
0.301181834
0.301665052
0.302148995
0.302633663
0.303119058
0.303605181
0.304092033
0.304579616
0.305067929
0.305556975
0.306046755
0.306537269
0.307028518
0.307520505
0.308013229
0.308506692
0.309000895
0.309495839
0.309991526
0.310487956
0.310985131
0.311483051
0.311981718
0.312481132
0.312981296
0.31348221
0.313983875
0.314486293
0.314989464
0.31549339
0.315998071
0.316503509
0.317009706
0.317516661
0.318024377
0.318532854
0.319042094
0.319552097
0.320062866
0.3205744
0.321086702
0.321599772
0.322113611
0.322628221
0.323143603
0.323659758
0.324176686
0.324694391
0.325212871
0.325732129
0.326252166
0.326772983
0.327294581
0.327816961
0.328340124
0.328864072
0.329388806
0.329914327
0.330440636
0.330967735
0.331495624
0.332024304
0.332553778
0.333084045
0.333615108
0.334146967
0.334679624
0.33521308
0.335747336
0.336282393
0.336818252
0.337354915
0.337892383
0.338430657
0.338969739
0.339509628
0.340050328
0.340591838
0.341134161
0.341677297
0.342221247
0.342766013
0.343311597
0.343857998
0.344405219
0.344953261
0.345502124
0.346051811
0.346602322
0.347153659
0.347705822
0.348258814
0.348812635
0.349367286
0.34992277
0.350479086
0.351036237
0.351594223
0.352153047
0.352712708
0.353273209
0.35383455
0.354396733
0.354959759
0.35552363
0.356088346
0.356653909
0.357220321
0.357787582
0.358355693
0.358924657
0.359494474
0.360065146
0.360636673
0.361209057
0.3617823
0.362356403
0.362931367
0.363507193
0.364083882
0.364661437
0.365239858
0.365819146
0.366399303
0.36698033
0.367562228
0.368144999
0.368728644
0.369313164
0.369898561
0.370484836
0.371071991
0.371660025
0.372248942
0.372838742
0.373429426
0.374020997
0.374613454
0.3752068
0.375801036
0.376396164
0.376992183
0.377589097
0.378186905
0.378785611
0.379385214
0.379985716
0.380587119
0.381189424
0.381792633
0.382396746
0.383001765
0.383607691
0.384214526
0.384822271
0.385430928
0.386040497
0.386650981
0.38726238
0.387874696
0.388487931
0.389102085
0.38971716
0.390333158
0.390950079
0.391567926
0.3921867
0.392806401
0.393427032
0.394048593
0.394671087
0.395294514
0.395918876
0.396544175
0.397170411
0.397797587
0.398425703
0.399054761
0.399684763
0.4001
0.4003
0.4005
0.4007
0.4009
0.4011
0.4013
0.4015
0.4017
0.4019
0.4021
0.4023
0.4025
0.4027
0.4029
0.4031
0.4033
0.4035
0.4037
0.4039
0.4041
0.4043
0.4045
0.4047
0.4049
0.4051
0.4053
0.4055
0.4057
0.4059
0.4061
0.4063
0.4065
0.4067
0.4069
0.4071
0.4073
0.4075
0.4077
0.4079
0.4081
0.4083
0.4085
0.4087
0.4089
0.4091
0.4093
0.4095
0.4097
0.4099
0.4101
0.4103
0.4105
0.4107
0.4109
0.4111
0.4113
0.4115
0.4117
0.4119
0.4121
0.4123
0.4125
0.4127
0.4129
0.4131
0.4133
0.4135
0.4137
0.4139
0.4141
0.4143
0.4145
0.4147
0.4149
0.4151
0.4153
0.4155
0.4157
0.4159
0.4161
0.4163
0.4165
0.4167
0.4169
0.4171
0.4173
0.4175
0.4177
0.4179
0.4181
0.4183
0.4185
0.4187
0.4189
0.4191
0.4193
0.4195
0.4197
0.4199
0.4201
0.4203
0.4205
0.4207
0.4209
0.4211
0.4213
0.4215
0.4217
0.4219
0.4221
0.4223
0.4225
0.4227
0.4229
0.4231
0.4233
0.4235
0.4237
0.4239
0.4241
0.4243
0.4245
0.4247
0.4249
0.4251
0.4253
0.4255
0.4257
0.4259
0.4261
0.4263
0.4265
0.4267
0.4269
0.4271
0.4273
0.4275
0.4277
0.4279
0.4281
0.4283
0.4285
0.4287
0.4289
0.4291
0.4293
0.4295
0.4297
0.4299
0.4301
0.4303
0.4305
0.4307
0.4309
0.4311
0.4313
0.4315
0.4317
0.4319
0.4321
0.4323
0.4325
0.4327
0.4329
0.4331
0.4333
0.4335
0.4337
0.4339
0.4341
0.4343
0.4345
0.4347
0.4349
0.4351
0.4353
0.4355
0.4357
0.4359
0.4361
0.4363
0.4365
0.4367
0.4369
0.4371
0.4373
0.4375
0.4377
0.4379
0.4381
0.4383
0.4385
0.4387
0.4389
0.4391
0.4393
0.4395
0.4397
0.4399
0.4401
0.4403
0.4405
0.4407
0.4409
0.4411
0.4413
0.4415
0.4417
0.4419
0.4421
0.4423
0.4425
0.4427
0.4429
0.4431
0.4433
0.4435
0.4437
0.4439
0.4441
0.4443
0.4445
0.4447
0.4449
0.4451
0.4453
0.4455
0.4457
0.4459
0.4461
0.4463
0.4465
0.4467
0.4469
0.4471
0.4473
0.4475
0.4477
0.4479
0.4481
0.4483
0.4485
0.4487
0.4489
0.4491
0.4493
0.4495
0.4497
0.4499
0.4501
0.4503
0.4505
0.4507
0.4509
0.4511
0.4513
0.4515
0.4517
0.4519
0.4521
0.4523
0.4525
0.4527
0.4529
0.4531
0.4533
0.4535
0.4537
0.4539
0.4541
0.4543
0.4545
0.4547
0.4549
0.4551
0.4553
0.4555
0.4557
0.4559
0.4561
0.4563
0.4565
0.4567
0.4569
0.4571
0.4573
0.4575
0.4577
0.4579
0.4581
0.4583
0.4585
0.4587
0.4589
0.4591
0.4593
0.4595
0.4597
0.4599
0.4601
0.4603
0.4605
0.4607
0.4609
0.4611
0.4613
0.4615
0.4617
0.4619
0.4621
0.4623
0.4625
0.4627
0.4629
0.4631
0.4633
0.4635
0.4637
0.4639
0.4641
0.4643
0.4645
0.4647
0.4649
0.4651
0.4653
0.4655
0.4657
0.4659
0.4661
0.4663
0.4665
0.4667
0.4669
0.4671
0.4673
0.4675
0.4677
0.4679
0.4681
0.4683
0.4685
0.4687
0.4689
0.4691
0.4693
0.4695
0.4697
0.4699
0.4701
0.4703
0.4705
0.4707
0.4709
0.4711
0.4713
0.4715
0.4717
0.4719
0.4721
0.4723
0.4725
0.4727
0.4729
0.4731
0.4733
0.4735
0.4737
0.4739
0.4741
0.4743
0.4745
0.4747
0.4749
0.4751
0.4753
0.4755
0.4757
0.4759
0.4761
0.4763
0.4765
0.4767
0.4769
0.4771
0.4773
0.4775
0.4777
0.4779
0.4781
0.4783
0.4785
0.4787
0.4789
0.4791
0.4793
0.4795
0.4797
0.4799
0.4801
0.4803
0.4805
0.4807
0.4809
0.4811
0.4813
0.4815
0.4817
0.4819
0.4821
0.4823
0.4825
0.4827
0.4829
0.4831
0.4833
0.4835
0.4837
0.4839
0.4841
0.4843
0.4845
0.4847
0.4849
0.4851
0.4853
0.4855
0.4857
0.4859
0.4861
0.4863
0.4865
0.4867
0.4869
0.4871
0.4873
0.4875
0.4877
0.4879
0.4881
0.4883
0.4885
0.4887
0.4889
0.4891
0.4893
0.4895
0.4897
0.4899
0.4901
0.4903
0.4905
0.4907
0.4909
0.4911
0.4913
0.4915
0.4917
0.4919
0.4921
0.4923
0.4925
0.4927
0.4929
0.4931
0.4933
0.4935
0.4937
0.4939
0.4941
0.4943
0.4945
0.4947
0.4949
0.4951
0.4953
0.4955
0.4957
0.4959
0.4961
0.4963
0.4965
0.4967
0.4969
0.4971
0.4973
0.4975
0.4977
0.4979
0.4981
0.4983
0.4985
0.4987
0.4989
0.4991
0.4993
0.4995
0.4997
0.4999
0.5001
0.5003
0.5005
0.5007
0.5009
0.5011
0.5013
0.5015
0.5017
0.5019
0.5021
0.5023
0.5025
0.5027
0.5029
0.5031
0.5033
0.5035
0.5037
0.5039
0.5041
0.5043
0.5045
0.5047
0.5049
0.5051
0.5053
0.5055
0.5057
0.5059
0.5061
0.5063
0.5065
0.5067
0.5069
0.5071
0.5073
0.5075
0.5077
0.5079
0.5081
0.5083
0.5085
0.5087
0.5089
0.5091
0.5093
0.5095
0.5097
0.5099
0.5101
0.5103
0.5105
0.5107
0.5109
0.5111
0.5113
0.5115
0.5117
0.5119
0.5121
0.5123
0.5125
0.5127
0.5129
0.5131
0.5133
0.5135
0.5137
0.5139
0.5141
0.5143
0.5145
0.5147
0.5149
0.5151
0.5153
0.5155
0.5157
0.5159
0.5161
0.5163
0.5165
0.5167
0.5169
0.5171
0.5173
0.5175
0.5177
0.5179
0.5181
0.5183
0.5185
0.5187
0.5189
0.5191
0.5193
0.5195
0.5197
0.5199
0.5201
0.5203
0.5205
0.5207
0.5209
0.5211
0.5213
0.5215
0.5217
0.5219
0.5221
0.5223
0.5225
0.5227
0.5229
0.5231
0.5233
0.5235
0.5237
0.5239
0.5241
0.5243
0.5245
0.5247
0.5249
0.5251
0.5253
0.5255
0.5257
0.5259
0.5261
0.5263
0.5265
0.5267
0.5269
0.5271
0.5273
0.5275
0.5277
0.5279
0.5281
0.5283
0.5285
0.5287
0.5289
0.5291
0.5293
0.5295
0.5297
0.5299
0.5301
0.5303
0.5305
0.5307
0.5309
0.5311
0.5313
0.5315
0.5317
0.5319
0.5321
0.5323
0.5325
0.5327
0.5329
0.5331
0.5333
0.5335
0.5337
0.5339
0.5341
0.5343
0.5345
0.5347
0.5349
0.5351
0.5353
0.5355
0.5357
0.5359
0.5361
0.5363
0.5365
0.5367
0.5369
0.5371
0.5373
0.5375
0.5377
0.5379
0.5381
0.5383
0.5385
0.5387
0.5389
0.5391
0.5393
0.5395
0.5397
0.5399
0.5401
0.5403
0.5405
0.5407
0.5409
0.5411
0.5413
0.5415
0.5417
0.5419
0.5421
0.5423
0.5425
0.5427
0.5429
0.5431
0.5433
0.5435
0.5437
0.5439
0.5441
0.5443
0.5445
0.5447
0.5449
0.5451
0.5453
0.5455
0.5457
0.5459
0.5461
0.5463
0.5465
0.5467
0.5469
0.5471
0.5473
0.5475
0.5477
0.5479
0.5481
0.5483
0.5485
0.5487
0.5489
0.5491
0.5493
0.5495
0.5497
0.5499
0.5501
0.5503
0.5505
0.5507
0.5509
0.5511
0.5513
0.5515
0.5517
0.5519
0.5521
0.5523
0.5525
0.5527
0.5529
0.5531
0.5533
0.5535
0.5537
0.5539
0.5541
0.5543
0.5545
0.5547
0.5549
0.5551
0.5553
0.5555
0.5557
0.5559
0.5561
0.5563
0.5565
0.5567
0.5569
0.5571
0.5573
0.5575
0.5577
0.5579
0.5581
0.5583
0.5585
0.5587
0.5589
0.5591
0.5593
0.5595
0.5597
0.5599
0.5601
0.5603
0.5605
0.5607
0.5609
0.5611
0.5613
0.5615
0.5617
0.5619
0.5621
0.5623
0.5625
0.5627
0.5629
0.5631
0.5633
0.5635
0.5637
0.5639
0.5641
0.5643
0.5645
0.5647
0.5649
0.5651
0.5653
0.5655
0.5657
0.5659
0.5661
0.5663
0.5665
0.5667
0.5669
0.5671
0.5673
0.5675
0.5677
0.5679
0.5681
0.5683
0.5685
0.5687
0.5689
0.5691
0.5693
0.5695
0.5697
0.5699
0.5701
0.5703
0.5705
0.5707
0.5709
0.5711
0.5713
0.5715
0.5717
0.5719
0.5721
0.5723
0.5725
0.5727
0.5729
0.5731
0.5733
0.5735
0.5737
0.5739
0.5741
0.5743
0.5745
0.5747
0.5749
0.5751
0.5753
0.5755
0.5757
0.5759
0.5761
0.5763
0.5765
0.5767
0.5769
0.5771
0.5773
0.5775
0.5777
0.5779
0.5781
0.5783
0.5785
0.5787
0.5789
0.5791
0.5793
0.5795
0.5797
0.5799
0.5801
0.5803
0.5805
0.5807
0.5809
0.5811
0.5813
0.5815
0.5817
0.5819
0.5821
0.5823
0.5825
0.5827
0.5829
0.5831
0.5833
0.5835
0.5837
0.5839
0.5841
0.5843
0.5845
0.5847
0.5849
0.5851
0.5853
0.5855
0.5857
0.5859
0.5861
0.5863
0.5865
0.5867
0.5869
0.5871
0.5873
0.5875
0.5877
0.5879
0.5881
0.5883
0.5885
0.5887
0.5889
0.5891
0.5893
0.5895
0.5897
0.5899
0.5901
0.5903
0.5905
0.5907
0.5909
0.5911
0.5913
0.5915
0.5917
0.5919
0.5921
0.5923
0.5925
0.5927
0.5929
0.5931
0.5933
0.5935
0.5937
0.5939
0.5941
0.5943
0.5945
0.5947
0.5949
0.5951
0.5953
0.5955
0.5957
0.5959
0.5961
0.5963
0.5965
0.5967
0.5969
0.5971
0.5973
0.5975
0.5977
0.5979
0.5981
0.5983
0.5985
0.5987
0.5989
0.5991
0.5993
0.5995
0.5997
0.5999
0.6001
0.6003
0.6005
0.6007
0.6009
0.6011
0.6013
0.6015
0.6017
0.6019
0.6021
0.6023
0.6025
0.6027
0.6029
0.6031
0.6033
0.6035
0.6037
0.6039
0.6041
0.6043
0.6045
0.6047
0.6049
0.6051
0.6053
0.6055
0.6057
0.6059
0.6061
0.6063
0.6065
0.6067
0.6069
0.6071
0.6073
0.6075
0.6077
0.6079
0.6081
0.6083
0.6085
0.6087
0.6089
0.6091
0.6093
0.6095
0.6097
0.6099
0.6101
0.6103
0.6105
0.6107
0.6109
0.6111
0.6113
0.6115
0.6117
0.6119
0.6121
0.6123
0.6125
0.6127
0.6129
0.6131
0.6133
0.6135
0.6137
0.6139
0.6141
0.6143
0.6145
0.6147
0.6149
0.6151
0.6153
0.6155
0.6157
0.6159
0.6161
0.6163
0.6165
0.6167
0.6169
0.6171
0.6173
0.6175
0.6177
0.6179
0.6181
0.6183
0.6185
0.6187
0.6189
0.6191
0.6193
0.6195
0.6197
0.6199
0.6201
0.6203
0.6205
0.6207
0.6209
0.6211
0.6213
0.6215
0.6217
0.6219
0.6221
0.6223
0.6225
0.6227
0.6229
0.6231
0.6233
0.6235
0.6237
0.6239
0.6241
0.6243
0.6245
0.6247
0.6249
0.6251
0.6253
0.6255
0.6257
0.6259
0.6261
0.6263
0.6265
0.6267
0.6269
0.6271
0.6273
0.6275
0.6277
0.6279
0.6281
0.6283
0.6285
0.6287
0.6289
0.6291
0.6293
0.6295
0.6297
0.6299
0.6301
0.6303
0.6305
0.6307
0.6309
0.6311
0.6313
0.6315
0.6317
0.6319
0.6321
0.6323
0.6325
0.6327
0.6329
0.6331
0.6333
0.6335
0.6337
0.6339
0.6341
0.6343
0.6345
0.6347
0.6349
0.6351
0.6353
0.6355
0.6357
0.6359
0.6361
0.6363
0.6365
0.6367
0.6369
0.6371
0.6373
0.6375
0.6377
0.6379
0.6381
0.6383
0.6385
0.6387
0.6389
0.6391
0.6393
0.6395
0.6397
0.6399
0.6401
0.6403
0.6405
0.6407
0.6409
0.6411
0.6413
0.6415
0.6417
0.6419
0.6421
0.6423
0.6425
0.6427
0.6429
0.6431
0.6433
0.6435
0.6437
0.6439
0.6441
0.6443
0.6445
0.6447
0.6449
0.6451
0.6453
0.6455
0.6457
0.6459
0.6461
0.6463
0.6465
0.6467
0.6469
0.6471
0.6473
0.6475
0.6477
0.6479
0.6481
0.6483
0.6485
0.6487
0.6489
0.6491
0.6493
0.6495
0.6497
0.6499
0.6501
0.6503
0.6505
0.6507
0.6509
0.6511
0.6513
0.6515
0.6517
0.6519
0.6521
0.6523
0.6525
0.6527
0.6529
0.6531
0.6533
0.6535
0.6537
0.6539
0.6541
0.6543
0.6545
0.6547
0.6549
0.6551
0.6553
0.6555
0.6557
0.6559
0.6561
0.6563
0.6565
0.6567
0.6569
0.6571
0.6573
0.6575
0.6577
0.6579
0.6581
0.6583
0.6585
0.6587
0.6589
0.6591
0.6593
0.6595
0.6597
0.6599
0.6601
0.6603
0.6605
0.6607
0.6609
0.6611
0.6613
0.6615
0.6617
0.6619
0.6621
0.6623
0.6625
0.6627
0.6629
0.6631
0.6633
0.6635
0.6637
0.6639
0.6641
0.6643
0.6645
0.6647
0.6649
0.6651
0.6653
0.6655
0.6657
0.6659
0.6661
0.6663
0.6665
0.6667
0.6669
0.6671
0.6673
0.6675
0.6677
0.6679
0.6681
0.6683
0.6685
0.6687
0.6689
0.6691
0.6693
0.6695
0.6697
0.6699
0.6701
0.6703
0.6705
0.6707
0.6709
0.6711
0.6713
0.6715
0.6717
0.6719
0.6721
0.6723
0.6725
0.6727
0.6729
0.6731
0.6733
0.6735
0.6737
0.6739
0.6741
0.6743
0.6745
0.6747
0.6749
0.6751
0.6753
0.6755
0.6757
0.6759
0.6761
0.6763
0.6765
0.6767
0.6769
0.6771
0.6773
0.6775
0.6777
0.6779
0.6781
0.6783
0.6785
0.6787
0.6789
0.6791
0.6793
0.6795
0.6797
0.6799
0.6801
0.6803
0.6805
0.6807
0.6809
0.6811
0.6813
0.6815
0.6817
0.6819
0.6821
0.6823
0.6825
0.6827
0.6829
0.6831
0.6833
0.6835
0.6837
0.6839
0.6841
0.6843
0.6845
0.6847
0.6849
0.6851
0.6853
0.6855
0.6857
0.6859
0.6861
0.6863
0.6865
0.6867
0.6869
0.6871
0.6873
0.6875
0.6877
0.6879
0.6881
0.6883
0.6885
0.6887
0.6889
0.6891
0.6893
0.6895
0.6897
0.6899
0.6901
0.6903
0.6905
0.6907
0.6909
0.6911
0.6913
0.6915
0.6917
0.6919
0.6921
0.6923
0.6925
0.6927
0.6929
0.6931
0.6933
0.6935
0.6937
0.6939
0.6941
0.6943
0.6945
0.6947
0.6949
0.6951
0.6953
0.6955
0.6957
0.6959
0.6961
0.6963
0.6965
0.6967
0.6969
0.6971
0.6973
0.6975
0.6977
0.6979
0.6981
0.6983
0.6985
0.6987
0.6989
0.6991
0.6993
0.6995
0.6997
0.6999
0.7001
0.7003
0.7005
0.7007
0.7009
0.7011
0.7013
0.7015
0.7017
0.7019
0.7021
0.7023
0.7025
0.7027
0.7029
0.7031
0.7033
0.7035
0.7037
0.7039
0.7041
0.7043
0.7045
0.7047
0.7049
0.7051
0.7053
0.7055
0.7057
0.7059
0.7061
0.7063
0.7065
0.7067
0.7069
0.7071
0.7073
0.7075
0.7077
0.7079
0.7081
0.7083
0.7085
0.7087
0.7089
0.7091
0.7093
0.7095
0.7097
0.7099
0.7101
0.7103
0.7105
0.7107
0.7109
0.7111
0.7113
0.7115
0.7117
0.7119
0.7121
0.7123
0.7125
0.7127
0.7129
0.7131
0.7133
0.7135
0.7137
0.7139
0.7141
0.7143
0.7145
0.7147
0.7149
0.7151
0.7153
0.7155
0.7157
0.7159
0.7161
0.7163
0.7165
0.7167
0.7169
0.7171
0.7173
0.7175
0.7177
0.7179
0.7181
0.7183
0.7185
0.7187
0.7189
0.7191
0.7193
0.7195
0.7197
0.7199
0.7201
0.7203
0.7205
0.7207
0.7209
0.7211
0.7213
0.7215
0.7217
0.7219
0.7221
0.7223
0.7225
0.7227
0.7229
0.7231
0.7233
0.7235
0.7237
0.7239
0.7241
0.7243
0.7245
0.7247
0.7249
0.7251
0.7253
0.7255
0.7257
0.7259
0.7261
0.7263
0.7265
0.7267
0.7269
0.7271
0.7273
0.7275
0.7277
0.7279
0.7281
0.7283
0.7285
0.7287
0.7289
0.7291
0.7293
0.7295
0.7297
0.7299
0.7301
0.7303
0.7305
0.7307
0.7309
0.7311
0.7313
0.7315
0.7317
0.7319
0.7321
0.7323
0.7325
0.7327
0.7329
0.7331
0.7333
0.7335
0.7337
0.7339
0.7341
0.7343
0.7345
0.7347
0.7349
0.7351
0.7353
0.7355
0.7357
0.7359
0.7361
0.7363
0.7365
0.7367
0.7369
0.7371
0.7373
0.7375
0.7377
0.7379
0.7381
0.7383
0.7385
0.7387
0.7389
0.7391
0.7393
0.7395
0.7397
0.7399
0.7401
0.7403
0.7405
0.7407
0.7409
0.7411
0.7413
0.7415
0.7417
0.7419
0.7421
0.7423
0.7425
0.7427
0.7429
0.7431
0.7433
0.7435
0.7437
0.7439
0.7441
0.7443
0.7445
0.7447
0.7449
0.7451
0.7453
0.7455
0.7457
0.7459
0.7461
0.7463
0.7465
0.7467
0.7469
0.7471
0.7473
0.7475
0.7477
0.7479
0.7481
0.7483
0.7485
0.7487
0.7489
0.7491
0.7493
0.7495
0.7497
0.7499
0.7501
0.7503
0.7505
0.7507
0.7509
0.7511
0.7513
0.7515
0.7517
0.7519
0.7521
0.7523
0.7525
0.7527
0.7529
0.7531
0.7533
0.7535
0.7537
0.7539
0.7541
0.7543
0.7545
0.7547
0.7549
0.7551
0.7553
0.7555
0.7557
0.7559
0.7561
0.7563
0.7565
0.7567
0.7569
0.7571
0.7573
0.7575
0.7577
0.7579
0.7581
0.7583
0.7585
0.7587
0.7589
0.7591
0.7593
0.7595
0.7597
0.7599
0.7601
0.7603
0.7605
0.7607
0.7609
0.7611
0.7613
0.7615
0.7617
0.7619
0.7621
0.7623
0.7625
0.7627
0.7629
0.7631
0.7633
0.7635
0.7637
0.7639
0.7641
0.7643
0.7645
0.7647
0.7649
0.7651
0.7653
0.7655
0.7657
0.7659
0.7661
0.7663
0.7665
0.7667
0.7669
0.7671
0.7673
0.7675
0.7677
0.7679
0.7681
0.7683
0.7685
0.7687
0.7689
0.7691
0.7693
0.7695
0.7697
0.7699
0.7701
0.7703
0.7705
0.7707
0.7709
0.7711
0.7713
0.7715
0.7717
0.7719
0.7721
0.7723
0.7725
0.7727
0.7729
0.7731
0.7733
0.7735
0.7737
0.7739
0.7741
0.7743
0.7745
0.7747
0.7749
0.7751
0.7753
0.7755
0.7757
0.7759
0.7761
0.7763
0.7765
0.7767
0.7769
0.7771
0.7773
0.7775
0.7777
0.7779
0.7781
0.7783
0.7785
0.7787
0.7789
0.7791
0.7793
0.7795
0.7797
0.7799
0.7801
0.7803
0.7805
0.7807
0.7809
0.7811
0.7813
0.7815
0.7817
0.7819
0.7821
0.7823
0.7825
0.7827
0.7829
0.7831
0.7833
0.7835
0.7837
0.7839
0.7841
0.7843
0.7845
0.7847
0.7849
0.7851
0.7853
0.7855
0.7857
0.7859
0.7861
0.7863
0.7865
0.7867
0.7869
0.7871
0.7873
0.7875
0.7877
0.7879
0.7881
0.7883
0.7885
0.7887
0.7889
0.7891
0.7893
0.7895
0.7897
0.7899
0.7901
0.7903
0.7905
0.7907
0.7909
0.7911
0.7913
0.7915
0.7917
0.7919
0.7921
0.7923
0.7925
0.7927
0.7929
0.7931
0.7933
0.7935
0.7937
0.7939
0.7941
0.7943
0.7945
0.7947
0.7949
0.7951
0.7953
0.7955
0.7957
0.7959
0.7961
0.7963
0.7965
0.7967
0.7969
0.7971
0.7973
0.7975
0.7977
0.7979
0.7981
0.7983
0.7985
0.7987
0.7989
0.7991
0.7993
0.7995
0.7997
0.7999
)
;

boundaryField
{
    front
    {
        type            wedge;
    }
    back
    {
        type            wedge;
    }
    wall
    {
        type            calculated;
        value           nonuniform List<scalar> 
4000
(
1.57618428e-05
4.7309167e-05
7.8903804e-05
0.000110545825
0.0001422353
0.000173972302
0.0002057569
0.000237589167
0.000269469175
0.000301396994
0.000333372696
0.000365396354
0.000397468038
0.000429587822
0.000461755777
0.000493971976
0.000526236491
0.000558549393
0.000590910757
0.000623320655
0.000655779159
0.000688286342
0.000720842277
0.000753447038
0.000786100697
0.000818803329
0.000851555006
0.000884355801
0.00091720579
0.000950105045
0.00098305364
0.00101605165
0.00104909915
0.00108219621
0.0011153429
0.00114853931
0.00118178551
0.00121508156
0.00124842755
0.00128182356
0.00131526964
0.00134876589
0.00138231237
0.00141590916
0.00144955634
0.00148325398
0.00151700216
0.00155080096
0.00158465044
0.00161855069
0.00165250178
0.00168650378
0.00172055678
0.00175466085
0.00178881607
0.00182302252
0.00185728026
0.00189158938
0.00192594996
0.00196036206
0.00199482578
0.00202934119
0.00206390835
0.00209852736
0.00213319829
0.00216792122
0.00220269622
0.00223752337
0.00227240276
0.00230733446
0.00234231854
0.00237735509
0.00241244419
0.00244758591
0.00248278034
0.00251802755
0.00255332761
0.00258868063
0.00262408666
0.00265954579
0.0026950581
0.00273062367
0.00276624257
0.0028019149
0.00283764073
0.00287342013
0.0029092532
0.00294514001
0.00298108063
0.00301707516
0.00305312367
0.00308922624
0.00312538296
0.00316159391
0.00319785916
0.0032341788
0.00327055291
0.00330698157
0.00334346486
0.00338000287
0.00341659568
0.00345324337
0.00348994602
0.00352670371
0.00356351653
0.00360038456
0.00363730788
0.00367428658
0.00371132074
0.00374841043
0.00378555576
0.00382275679
0.00386001361
0.00389732631
0.00393469497
0.00397211967
0.0040096005
0.00404713754
0.00408473087
0.00412238059
0.00416008677
0.0041978495
0.00423566886
0.00427354494
0.00431147783
0.00434946761
0.00438751436
0.00442561817
0.00446377913
0.00450199732
0.00454027282
0.00457860573
0.00461699613
0.0046554441
0.00469394974
0.00473251313
0.00477113435
0.00480981349
0.00484855064
0.00488734588
0.00492619931
0.00496511101
0.00500408107
0.00504310957
0.0050821966
0.00512134225
0.00516054662
0.00519980977
0.00523913182
0.00527851283
0.00531795291
0.00535745213
0.0053970106
0.00543662839
0.0054763056
0.00551604232
0.00555583862
0.00559569462
0.00563561038
0.00567558601
0.0057156216
0.00575571722
0.00579587298
0.00583608896
0.00587636526
0.00591670196
0.00595709915
0.00599755693
0.00603807539
0.00607865461
0.00611929469
0.00615999572
0.00620075779
0.00624158099
0.00628246542
0.00632341116
0.00636441832
0.00640548697
0.00644661721
0.00648780914
0.00652906285
0.00657037842
0.00661175596
0.00665319555
0.00669469729
0.00673626128
0.0067778876
0.00681957634
0.00686132761
0.0069031415
0.0069450181
0.00698695749
0.00702895979
0.00707102508
0.00711315346
0.00715534502
0.00719759985
0.00723991806
0.00728229973
0.00732474497
0.00736725386
0.0074098265
0.00745246299
0.00749516342
0.0075379279
0.00758075651
0.00762364935
0.00766660652
0.00770962811
0.00775271423
0.00779586496
0.00783908041
0.00788236067
0.00792570584
0.00796911601
0.00801259129
0.00805613177
0.00809973755
0.00814340873
0.0081871454
0.00823094767
0.00827481563
0.00831874938
0.00836274901
0.00840681464
0.00845094635
0.00849514425
0.00853940843
0.008583739
0.00862813606
0.00867259969
0.00871713001
0.00876172712
0.00880639111
0.00885112208
0.00889592014
0.00894078538
0.00898571791
0.00903071783
0.00907578523
0.00912092023
0.00916612291
0.00921139339
0.00925673176
0.00930213813
0.00934761259
0.00939315525
0.00943876622
0.00948444559
0.00953019347
0.00957600996
0.00962189516
0.00966784917
0.00971387211
0.00975996407
0.00980612515
0.00985235546
0.00989865511
0.00994502419
0.00999146282
0.0100379711
0.0100845491
0.010131197
0.0101779148
0.0102247027
0.0102715608
0.0103184891
0.0103654879
0.0104125571
0.0104596969
0.0105069074
0.0105541887
0.0106015409
0.0106489641
0.0106964585
0.0107440241
0.010791661
0.0108393693
0.0108871492
0.0109350008
0.0109829241
0.0110309193
0.0110789865
0.0111271258
0.0111753373
0.011223621
0.0112719772
0.0113204059
0.0113689073
0.0114174814
0.0114661283
0.0115148482
0.0115636411
0.0116125073
0.0116614467
0.0117104595
0.0117595458
0.0118087057
0.0118579394
0.0119072469
0.0119566283
0.0120060838
0.0120556135
0.0121052175
0.0121548958
0.0122046487
0.0122544762
0.0123043784
0.0123543554
0.0124044074
0.0124545345
0.0125047367
0.0125550142
0.0126053671
0.0126557956
0.0127062997
0.0127568795
0.0128075352
0.0128582668
0.0129090745
0.0129599585
0.0130109187
0.0130619554
0.0131130686
0.0131642584
0.0132155251
0.0132668686
0.0133182891
0.0133697868
0.0134213616
0.0134730139
0.0135247436
0.0135765508
0.0136284358
0.0136803986
0.0137324393
0.013784558
0.013836755
0.0138890302
0.0139413838
0.0139938159
0.0140463267
0.0140989162
0.0141515845
0.0142043319
0.0142571584
0.0143100641
0.0143630491
0.0144161136
0.0144692577
0.0145224815
0.0145757851
0.0146291687
0.0146826323
0.0147361761
0.0147898002
0.0148435048
0.0148972898
0.0149511556
0.0150051021
0.0150591295
0.0151132379
0.0151674275
0.0152216984
0.0152760507
0.0153304844
0.0153849998
0.015439597
0.0154942761
0.0155490371
0.0156038803
0.0156588057
0.0157138135
0.0157689038
0.0158240768
0.0158793324
0.015934671
0.0159900925
0.0160455971
0.016101185
0.0161568563
0.0162126111
0.0162684494
0.0163243715
0.0163803775
0.0164364675
0.0164926416
0.0165488999
0.0166052426
0.0166616699
0.0167181817
0.0167747783
0.0168314598
0.0168882262
0.0169450779
0.0170020147
0.017059037
0.0171161448
0.0171733382
0.0172306174
0.0172879826
0.0173454337
0.017402971
0.0174605946
0.0175183046
0.0175761012
0.0176339844
0.0176919545
0.0177500115
0.0178081556
0.0178663868
0.0179247054
0.0179831115
0.0180416052
0.0181001866
0.0181588558
0.018217613
0.0182764584
0.018335392
0.018394414
0.0184535245
0.0185127236
0.0185720116
0.0186313884
0.0186908543
0.0187504094
0.0188100538
0.0188697877
0.0189296111
0.0189895243
0.0190495273
0.0191096203
0.0191698034
0.0192300768
0.0192904406
0.0193508949
0.0194114399
0.0194720756
0.0195328023
0.0195936201
0.0196545291
0.0197155295
0.0197766213
0.0198378048
0.01989908
0.0199604471
0.0200219062
0.0200834576
0.0201451012
0.0202068373
0.0202686659
0.0203305873
0.0203926016
0.0204547088
0.0205169093
0.020579203
0.0206415901
0.0207040708
0.0207666451
0.0208293134
0.0208920756
0.0209549319
0.0210178825
0.0210809276
0.0211440671
0.0212073014
0.0212706305
0.0213340546
0.0213975738
0.0214611882
0.0215248981
0.0215887035
0.0216526046
0.0217166016
0.0217806945
0.0218448835
0.0219091688
0.0219735506
0.0220380288
0.0221026038
0.0221672756
0.0222320444
0.0222969104
0.0223618736
0.0224269343
0.0224920925
0.0225573485
0.0226227023
0.0226881541
0.0227537041
0.0228193524
0.0228850992
0.0229509445
0.0230168886
0.0230829316
0.0231490737
0.023215315
0.0232816556
0.0233480956
0.0234146354
0.0234812749
0.0235480144
0.0236148539
0.0236817937
0.0237488339
0.0238159747
0.0238832161
0.0239505584
0.0240180016
0.0240855461
0.0241531918
0.0242209389
0.0242887877
0.0243567382
0.0244247907
0.0244929452
0.0245612019
0.0246295609
0.0246980225
0.0247665868
0.0248352539
0.024904024
0.0249728972
0.0250418737
0.0251109537
0.0251801373
0.0252494246
0.0253188158
0.0253883111
0.0254579106
0.0255276145
0.025597423
0.0256673361
0.0257373541
0.0258074771
0.0258777053
0.0259480387
0.0260184777
0.0260890223
0.0261596727
0.0262304291
0.0263012916
0.0263722603
0.0264433355
0.0265145173
0.0265858058
0.0266572013
0.0267287038
0.0268003136
0.0268720307
0.0269438555
0.0270157879
0.0270878282
0.0271599766
0.0272322331
0.0273045981
0.0273770715
0.0274496537
0.0275223447
0.0275951447
0.0276680539
0.0277410724
0.0278142005
0.0278874382
0.0279607858
0.0280342433
0.028107811
0.0281814891
0.0282552777
0.0283291769
0.028403187
0.028477308
0.0285515402
0.0286258838
0.0287003388
0.0287749055
0.028849584
0.0289243746
0.0289992773
0.0290742923
0.0291494198
0.02922466
0.0293000131
0.0293754791
0.0294510584
0.0295267509
0.0296025571
0.0296784768
0.0297545105
0.0298306582
0.0299069201
0.0299832963
0.0300597871
0.0301363927
0.0302131131
0.0302899485
0.0303668992
0.0304439653
0.030521147
0.0305984445
0.0306758578
0.0307533873
0.030831033
0.0309087952
0.030986674
0.0310646696
0.0311427822
0.0312210119
0.031299359
0.0313778235
0.0314564058
0.0315351058
0.031613924
0.0316928603
0.031771915
0.0318510882
0.0319303802
0.0320097912
0.0320893212
0.0321689705
0.0322487392
0.0323286276
0.0324086358
0.0324887639
0.0325690123
0.032649381
0.0327298702
0.0328104802
0.032891211
0.0329720629
0.0330530361
0.0331341307
0.0332153469
0.033296685
0.033378145
0.0334597272
0.0335414317
0.0336232588
0.0337052086
0.0337872813
0.0338694771
0.0339517961
0.0340342387
0.0341168048
0.0341994948
0.0342823088
0.034365247
0.0344483096
0.0345314967
0.0346148087
0.0346982455
0.0347818075
0.0348654948
0.0349493077
0.0350332462
0.0351173106
0.0352015011
0.0352858178
0.035370261
0.0354548309
0.0355395275
0.0356243512
0.0357093022
0.0357943805
0.0358795864
0.0359649201
0.0360503818
0.0361359716
0.0362216898
0.0363075366
0.0363935121
0.0364796165
0.0365658501
0.036652213
0.0367387055
0.0368253276
0.0369120797
0.0369989619
0.0370859743
0.0371731173
0.037260391
0.0373477955
0.0374353311
0.037522998
0.0376107964
0.0376987265
0.0377867884
0.0378749824
0.0379633087
0.0380517674
0.0381403588
0.0382290831
0.0383179404
0.038406931
0.0384960551
0.0385853128
0.0386747044
0.03876423
0.0388538899
0.0389436843
0.0390336134
0.0391236773
0.0392138763
0.0393042105
0.0393946803
0.0394852857
0.039576027
0.0396669044
0.0397579181
0.0398490682
0.0399403551
0.0400317789
0.0401233398
0.040215038
0.0403068738
0.0403988473
0.0404909587
0.0405832082
0.0406755961
0.0407681226
0.0408607878
0.040953592
0.0410465354
0.0411396182
0.0412328405
0.0413262027
0.0414197049
0.0415133474
0.0416071302
0.0417010537
0.0417951181
0.0418893236
0.0419836703
0.0420781585
0.0421727885
0.0422675603
0.0423624743
0.0424575307
0.0425527296
0.0426480712
0.0427435559
0.0428391837
0.042934955
0.0430308699
0.0431269287
0.0432231315
0.0433194786
0.0434159702
0.0435126065
0.0436093877
0.0437063141
0.0438033859
0.0439006032
0.0439979663
0.0440954755
0.0441931309
0.0442909327
0.0443888812
0.0444869766
0.0445852192
0.0446836091
0.0447821465
0.0448808317
0.0449796649
0.0450786464
0.0451777762
0.0452770548
0.0453764823
0.0454760588
0.0455757847
0.0456756602
0.0457756854
0.0458758607
0.0459761862
0.0460766622
0.0461772888
0.0462780664
0.0463789951
0.0464800751
0.0465813068
0.0466826903
0.0467842258
0.0468859136
0.0469877539
0.047089747
0.047191893
0.0472941922
0.0473966448
0.0474992511
0.0476020113
0.0477049256
0.0478079942
0.0479112174
0.0480145954
0.0481181284
0.0482218167
0.0483256606
0.0484296601
0.0485338156
0.0486381274
0.0487425956
0.0488472204
0.0489520022
0.0490569411
0.0491620374
0.0492672913
0.0493727031
0.0494782729
0.0495840011
0.0496898878
0.0497959334
0.049902138
0.0500085018
0.0501150252
0.0502217083
0.0503285515
0.0504355548
0.0505427187
0.0506500433
0.0507575288
0.0508651755
0.0509729837
0.0510809535
0.0511890853
0.0512973793
0.0514058356
0.0515144547
0.0516232366
0.0517321816
0.0518412901
0.0519505622
0.0520599981
0.0521695982
0.0522793627
0.0523892918
0.0524993857
0.0526096448
0.0527200692
0.0528306592
0.0529414151
0.0530523371
0.0531634254
0.0532746804
0.0533861022
0.0534976911
0.0536094473
0.0537213712
0.0538334629
0.0539457227
0.0540581509
0.0541707477
0.0542835134
0.0543964482
0.0545095523
0.0546228261
0.0547362698
0.0548498836
0.0549636678
0.0550776226
0.0551917483
0.0553060452
0.0554205136
0.0555351535
0.0556499655
0.0557649496
0.0558801061
0.0559954354
0.0561109376
0.056226613
0.056342462
0.0564584846
0.0565746813
0.0566910522
0.0568075977
0.056924318
0.0570412133
0.0571582839
0.0572755301
0.0573929521
0.0575105502
0.0576283247
0.0577462758
0.0578644039
0.0579827091
0.0581011917
0.058219852
0.0583386902
0.0584577067
0.0585769017
0.0586962755
0.0588158282
0.0589355603
0.0590554719
0.0591755634
0.059295835
0.059416287
0.0595369196
0.0596577331
0.0597787278
0.059899904
0.0600212619
0.0601428018
0.060264524
0.0603864287
0.0605085163
0.0606307869
0.060753241
0.0608758786
0.0609987003
0.0611217061
0.0612448964
0.0613682714
0.0614918315
0.0616155768
0.0617395078
0.0618636246
0.0619879276
0.062112417
0.0622370931
0.0623619562
0.0624870065
0.0626122444
0.0627376701
0.0628632839
0.0629890861
0.063115077
0.0632412568
0.0633676259
0.0634941845
0.0636209328
0.0637478713
0.0638750002
0.0640023197
0.0641298301
0.0642575318
0.064385425
0.06451351
0.0646417872
0.0647702566
0.0648989188
0.0650277739
0.0651568223
0.0652860642
0.0654154999
0.0655451298
0.0656749541
0.065804973
0.065935187
0.0660655963
0.0661962011
0.0663270018
0.0664579987
0.066589192
0.0667205821
0.0668521692
0.0669839537
0.0671159358
0.0672481159
0.0673804942
0.067513071
0.0676458467
0.0677788215
0.0679119957
0.0680453697
0.0681789437
0.068312718
0.0684466929
0.0685808687
0.0687152458
0.0688498244
0.0689846049
0.0691195875
0.0692547725
0.0693901603
0.0695257511
0.0696615452
0.069797543
0.0699337448
0.0700701509
0.0702067615
0.070343577
0.0704805977
0.0706178239
0.0707552558
0.0708928939
0.0710307385
0.0711687897
0.071307048
0.0714455136
0.0715841869
0.0717230682
0.0718621578
0.0720014559
0.072140963
0.0722806793
0.0724206051
0.0725607408
0.0727010867
0.072841643
0.0729824102
0.0731233884
0.0732645781
0.0734059795
0.073547593
0.0736894189
0.0738314574
0.073973709
0.074116174
0.0742588526
0.0744017452
0.074544852
0.0746881735
0.07483171
0.0749754617
0.075119429
0.0752636122
0.0754080117
0.0755526277
0.0756974606
0.0758425107
0.0759877784
0.0761332639
0.0762789676
0.0764248898
0.0765710309
0.0767173911
0.0768639709
0.0770107704
0.0771577902
0.0773050304
0.0774524914
0.0776001736
0.0777480773
0.0778962028
0.0780445505
0.0781931206
0.0783419136
0.0784909297
0.0786401693
0.0787896327
0.0789393202
0.0790892323
0.0792393692
0.0793897312
0.0795403188
0.0796911322
0.0798421718
0.0799934379
0.0801449308
0.080296651
0.0804485987
0.0806007743
0.0807531781
0.0809058104
0.0810586717
0.0812117622
0.0813650824
0.0815186324
0.0816724128
0.0818264238
0.0819806657
0.082135139
0.082289844
0.0824447809
0.0825999503
0.0827553523
0.0829109874
0.0830668559
0.0832229582
0.0833792946
0.0835358655
0.0836926712
0.083849712
0.0840069884
0.0841645006
0.0843222491
0.0844802341
0.0846384561
0.0847969154
0.0849556123
0.0851145472
0.0852737205
0.0854331325
0.0855927836
0.0857526741
0.0859128044
0.0860731749
0.0862337858
0.0863946377
0.0865557308
0.0867170655
0.0868786421
0.0870404611
0.0872025227
0.0873648274
0.0875273756
0.0876901675
0.0878532035
0.0880164841
0.0881800095
0.0883437802
0.0885077965
0.0886720587
0.0888365674
0.0890013227
0.0891663251
0.089331575
0.0894970728
0.0896628187
0.0898288132
0.0899950566
0.0901615494
0.0903282919
0.0904952844
0.0906625274
0.0908300212
0.0909977662
0.0911657628
0.0913340113
0.0915025122
0.0916712658
0.0918402724
0.0920095325
0.0921790465
0.0923488147
0.0925188375
0.0926891153
0.0928596484
0.0930304373
0.0932014824
0.093372784
0.0935443425
0.0937161582
0.0938882317
0.0940605632
0.0942331532
0.094406002
0.09457911
0.0947524777
0.0949261054
0.0950999934
0.0952741423
0.0954485523
0.0956232239
0.0957981575
0.0959733534
0.096148812
0.0963245338
0.0965005192
0.0966767684
0.096853282
0.0970300604
0.0972071038
0.0973844128
0.0975619876
0.0977398289
0.0979179368
0.0980963118
0.0982749543
0.0984538648
0.0986330436
0.0988124911
0.0989922077
0.0991721939
0.0993524499
0.0995329764
0.0997137735
0.0998948418
0.100076182
0.100257794
0.100439678
0.100621835
0.100804265
0.100986969
0.101169946
0.101353199
0.101536726
0.101720528
0.101904606
0.10208896
0.10227359
0.102458498
0.102643682
0.102829145
0.103014885
0.103200904
0.103387203
0.10357378
0.103760637
0.103947775
0.104135193
0.104322892
0.104510873
0.104699136
0.104887681
0.105076509
0.10526562
0.105455014
0.105644693
0.105834656
0.106024904
0.106215438
0.106406257
0.106597362
0.106788754
0.106980433
0.107172399
0.107364654
0.107557196
0.107750028
0.107943148
0.108136558
0.108330259
0.10852425
0.108718531
0.108913104
0.109107969
0.109303126
0.109498576
0.109694319
0.109890356
0.110086686
0.110283311
0.110480231
0.110677446
0.110874957
0.111072764
0.111270868
0.111469269
0.111667968
0.111866964
0.112066259
0.112265853
0.112465746
0.112665939
0.112866432
0.113067226
0.113268321
0.113469718
0.113671416
0.113873417
0.114075722
0.114278329
0.11448124
0.114684456
0.114887976
0.115091802
0.115295933
0.115500371
0.115705115
0.115910166
0.116115525
0.116321192
0.116527167
0.116733451
0.116940044
0.117146947
0.117354161
0.117561685
0.117769521
0.117977668
0.118186127
0.118394899
0.118603984
0.118813383
0.119023096
0.119233123
0.119443465
0.119654123
0.119865097
0.120076387
0.120287994
0.120499918
0.12071216
0.12092472
0.1211376
0.121350798
0.121564316
0.121778155
0.121992314
0.122206794
0.122421596
0.12263672
0.122852167
0.123067937
0.12328403
0.123500448
0.12371719
0.123934257
0.12415165
0.124369369
0.124587414
0.124805786
0.125024486
0.125243514
0.12546287
0.125682555
0.12590257
0.126122915
0.12634359
0.126564596
0.126785933
0.127007603
0.127229605
0.12745194
0.127674608
0.12789761
0.128120947
0.128344618
0.128568626
0.128792969
0.129017648
0.129242665
0.129468019
0.129693711
0.129919741
0.13014611
0.130372819
0.130599868
0.130827257
0.131054988
0.13128306
0.131511474
0.13174023
0.13196933
0.132198773
0.132428561
0.132658692
0.13288917
0.133119992
0.133351161
0.133582677
0.13381454
0.13404675
0.134279309
0.134512217
0.134745474
0.13497908
0.135213037
0.135447345
0.135682005
0.135917016
0.13615238
0.136388096
0.136624167
0.136860591
0.13709737
0.137334504
0.137571993
0.137809839
0.138048041
0.138286601
0.138525519
0.138764794
0.139004429
0.139244423
0.139484777
0.139725491
0.139966567
0.140208004
0.140449803
0.140691965
0.14093449
0.141177378
0.141420631
0.141664249
0.141908232
0.142152581
0.142397296
0.142642379
0.142887829
0.143133647
0.143379834
0.14362639
0.143873316
0.144120612
0.144368279
0.144616317
0.144864727
0.14511351
0.145362666
0.145612196
0.1458621
0.146112379
0.146363033
0.146614063
0.14686547
0.147117253
0.147369414
0.147621954
0.147874872
0.148128169
0.148381846
0.148635904
0.148890343
0.149145163
0.149400366
0.149655951
0.149911919
0.150168272
0.150425009
0.150682131
0.150939638
0.151197532
0.151455812
0.15171448
0.151973536
0.15223298
0.152492814
0.152753037
0.15301365
0.153274654
0.15353605
0.153797838
0.154060018
0.154322592
0.154585559
0.15484892
0.155112677
0.155376829
0.155641378
0.155906323
0.156171665
0.156437406
0.156703545
0.156970083
0.157237021
0.157504359
0.157772098
0.158040239
0.158308781
0.158577727
0.158847076
0.159116829
0.159386986
0.159657549
0.159928517
0.160199892
0.160471673
0.160743863
0.16101646
0.161289466
0.161562882
0.161836708
0.162110944
0.162385592
0.162660652
0.162936124
0.163212009
0.163488309
0.163765022
0.16404215
0.164319695
0.164597655
0.164876032
0.165154827
0.16543404
0.165713671
0.165993722
0.166274193
0.166555085
0.166836397
0.167118132
0.167400289
0.16768287
0.167965874
0.168249303
0.168533156
0.168817436
0.169102142
0.169387274
0.169672835
0.169958823
0.170245241
0.170532088
0.170819365
0.171107073
0.171395213
0.171683785
0.171972789
0.172262227
0.172552099
0.172842406
0.173133148
0.173424327
0.173715941
0.174007994
0.174300484
0.174593413
0.174886781
0.175180589
0.175474838
0.175769528
0.17606466
0.176360235
0.176656253
0.176952715
0.177249622
0.177546973
0.177844771
0.178143016
0.178441707
0.178740847
0.179040435
0.179340473
0.17964096
0.179941899
0.180243288
0.18054513
0.180847424
0.181150172
0.181453373
0.18175703
0.182061141
0.182365709
0.182670734
0.182976216
0.183282156
0.183588555
0.183895414
0.184202733
0.184510512
0.184818754
0.185127457
0.185436624
0.185746254
0.186056349
0.186366908
0.186677934
0.186989425
0.187301384
0.187613811
0.187926707
0.188240071
0.188553906
0.188868211
0.189182988
0.189498237
0.189813958
0.190130154
0.190446823
0.190763967
0.191081587
0.191399683
0.191718256
0.192037307
0.192356837
0.192676846
0.192997334
0.193318303
0.193639754
0.193961687
0.194284102
0.194607002
0.194930385
0.195254253
0.195578607
0.195903448
0.196228776
0.196554591
0.196880896
0.197207689
0.197534973
0.197862747
0.198191014
0.198519772
0.198849024
0.199178769
0.199509009
0.199839744
0.200170975
0.200502703
0.200834928
0.201167652
0.201500875
0.201834597
0.20216882
0.202503544
0.20283877
0.203174499
0.203510731
0.203847468
0.20418471
0.204522457
0.204860711
0.205199472
0.205538742
0.20587852
0.206218808
0.206559606
0.206900915
0.207242736
0.20758507
0.207927917
0.208271278
0.208615154
0.208959546
0.209304455
0.20964988
0.209995824
0.210342287
0.210689269
0.211036771
0.211384795
0.211733341
0.212082409
0.212432001
0.212782117
0.213132759
0.213483926
0.21383562
0.214187841
0.214540591
0.214893869
0.215247678
0.215602017
0.215956887
0.21631229
0.216668225
0.217024695
0.217381699
0.217739238
0.218097314
0.218455927
0.218815077
0.219174766
0.219534995
0.219895764
0.220257074
0.220618926
0.22098132
0.221344258
0.22170774
0.222071768
0.222436341
0.222801461
0.223167129
0.223533345
0.22390011
0.224267426
0.224635292
0.22500371
0.225372681
0.225742204
0.226112283
0.226482916
0.226854104
0.22722585
0.227598153
0.227971015
0.228344435
0.228718416
0.229092958
0.229468061
0.229843727
0.230219956
0.23059675
0.230974108
0.231352033
0.231730524
0.232109583
0.232489211
0.232869407
0.233250174
0.233631512
0.234013423
0.234395905
0.234778962
0.235162592
0.235546799
0.235931581
0.23631694
0.236702878
0.237089394
0.23747649
0.237864166
0.238252424
0.238641264
0.239030688
0.239420695
0.239811287
0.240202465
0.24059423
0.240986582
0.241379523
0.241773053
0.242167173
0.242561884
0.242957187
0.243353083
0.243749573
0.244146657
0.244544337
0.244942614
0.245341487
0.245740959
0.24614103
0.246541701
0.246942973
0.247344847
0.247747323
0.248150403
0.248554088
0.248958377
0.249363274
0.249768777
0.250174889
0.25058161
0.25098894
0.251396882
0.251805435
0.252214601
0.252624381
0.253034775
0.253445785
0.253857411
0.254269655
0.254682517
0.255095998
0.255510099
0.255924821
0.256340165
0.256756132
0.257172723
0.257589938
0.25800778
0.258426248
0.258845343
0.259265067
0.259685421
0.260106405
0.260528021
0.260950268
0.261373149
0.261796664
0.262220815
0.262645601
0.263071025
0.263497086
0.263923787
0.264351127
0.264779109
0.265207732
0.265636998
0.266066908
0.266497462
0.266928662
0.26736051
0.267793004
0.268226147
0.26865994
0.269094384
0.269529479
0.269965226
0.270401627
0.270838683
0.271276394
0.271714761
0.272153786
0.27259347
0.273033812
0.273474815
0.27391648
0.274358807
0.274801797
0.275245452
0.275689772
0.276134758
0.276580412
0.277026734
0.277473725
0.277921387
0.27836972
0.278818726
0.279268405
0.279718758
0.280169787
0.280621492
0.281073875
0.281526936
0.281980677
0.282435098
0.2828902
0.283345986
0.283802454
0.284259608
0.284717446
0.285175972
0.285635185
0.286095087
0.286555679
0.287016961
0.287478935
0.287941602
0.288404963
0.288869019
0.289333771
0.28979922
0.290265367
0.290732212
0.291199759
0.291668006
0.292136955
0.292606608
0.293076965
0.293548028
0.294019797
0.294492274
0.294965459
0.295439354
0.295913959
0.296389277
0.296865307
0.297342051
0.29781951
0.298297686
0.298776578
0.299256188
0.299736518
0.300217569
0.30069934
0.301181834
0.301665052
0.302148995
0.302633663
0.303119058
0.303605181
0.304092033
0.304579616
0.305067929
0.305556975
0.306046755
0.306537269
0.307028518
0.307520505
0.308013229
0.308506692
0.309000895
0.309495839
0.309991526
0.310487956
0.310985131
0.311483051
0.311981718
0.312481132
0.312981296
0.31348221
0.313983875
0.314486293
0.314989464
0.31549339
0.315998071
0.316503509
0.317009706
0.317516661
0.318024377
0.318532854
0.319042094
0.319552097
0.320062866
0.3205744
0.321086702
0.321599772
0.322113611
0.322628221
0.323143603
0.323659758
0.324176686
0.324694391
0.325212871
0.325732129
0.326252166
0.326772983
0.327294581
0.327816961
0.328340124
0.328864072
0.329388806
0.329914327
0.330440636
0.330967735
0.331495624
0.332024304
0.332553778
0.333084045
0.333615108
0.334146967
0.334679624
0.33521308
0.335747336
0.336282393
0.336818252
0.337354915
0.337892383
0.338430657
0.338969739
0.339509628
0.340050328
0.340591838
0.341134161
0.341677297
0.342221247
0.342766013
0.343311597
0.343857998
0.344405219
0.344953261
0.345502124
0.346051811
0.346602322
0.347153658
0.347705822
0.348258814
0.348812635
0.349367286
0.34992277
0.350479086
0.351036237
0.351594223
0.352153047
0.352712708
0.353273209
0.35383455
0.354396733
0.354959759
0.35552363
0.356088346
0.356653909
0.357220321
0.357787582
0.358355693
0.358924657
0.359494474
0.360065146
0.360636673
0.361209057
0.3617823
0.362356403
0.362931367
0.363507193
0.364083882
0.364661437
0.365239858
0.365819146
0.366399303
0.36698033
0.367562228
0.368144999
0.368728644
0.369313164
0.369898561
0.370484836
0.371071991
0.371660025
0.372248942
0.372838742
0.373429426
0.374020997
0.374613454
0.3752068
0.375801036
0.376396164
0.376992183
0.377589097
0.378186905
0.378785611
0.379385214
0.379985716
0.380587119
0.381189424
0.381792633
0.382396746
0.383001765
0.383607691
0.384214526
0.384822271
0.385430928
0.386040497
0.386650981
0.38726238
0.387874696
0.388487931
0.389102085
0.38971716
0.390333158
0.390950079
0.391567926
0.392186699
0.392806401
0.393427032
0.394048593
0.394671087
0.395294514
0.395918876
0.396544175
0.397170411
0.397797587
0.398425703
0.399054761
0.399684763
0.4001
0.4003
0.4005
0.4007
0.4009
0.4011
0.4013
0.4015
0.4017
0.4019
0.4021
0.4023
0.4025
0.4027
0.4029
0.4031
0.4033
0.4035
0.4037
0.4039
0.4041
0.4043
0.4045
0.4047
0.4049
0.4051
0.4053
0.4055
0.4057
0.4059
0.4061
0.4063
0.4065
0.4067
0.4069
0.4071
0.4073
0.4075
0.4077
0.4079
0.4081
0.4083
0.4085
0.4087
0.4089
0.4091
0.4093
0.4095
0.4097
0.4099
0.4101
0.4103
0.4105
0.4107
0.4109
0.4111
0.4113
0.4115
0.4117
0.4119
0.4121
0.4123
0.4125
0.4127
0.4129
0.4131
0.4133
0.4135
0.4137
0.4139
0.4141
0.4143
0.4145
0.4147
0.4149
0.4151
0.4153
0.4155
0.4157
0.4159
0.4161
0.4163
0.4165
0.4167
0.4169
0.4171
0.4173
0.4175
0.4177
0.4179
0.4181
0.4183
0.4185
0.4187
0.4189
0.4191
0.4193
0.4195
0.4197
0.4199
0.4201
0.4203
0.4205
0.4207
0.4209
0.4211
0.4213
0.4215
0.4217
0.4219
0.4221
0.4223
0.4225
0.4227
0.4229
0.4231
0.4233
0.4235
0.4237
0.4239
0.4241
0.4243
0.4245
0.4247
0.4249
0.4251
0.4253
0.4255
0.4257
0.4259
0.4261
0.4263
0.4265
0.4267
0.4269
0.4271
0.4273
0.4275
0.4277
0.4279
0.4281
0.4283
0.4285
0.4287
0.4289
0.4291
0.4293
0.4295
0.4297
0.4299
0.4301
0.4303
0.4305
0.4307
0.4309
0.4311
0.4313
0.4315
0.4317
0.4319
0.4321
0.4323
0.4325
0.4327
0.4329
0.4331
0.4333
0.4335
0.4337
0.4339
0.4341
0.4343
0.4345
0.4347
0.4349
0.4351
0.4353
0.4355
0.4357
0.4359
0.4361
0.4363
0.4365
0.4367
0.4369
0.4371
0.4373
0.4375
0.4377
0.4379
0.4381
0.4383
0.4385
0.4387
0.4389
0.4391
0.4393
0.4395
0.4397
0.4399
0.4401
0.4403
0.4405
0.4407
0.4409
0.4411
0.4413
0.4415
0.4417
0.4419
0.4421
0.4423
0.4425
0.4427
0.4429
0.4431
0.4433
0.4435
0.4437
0.4439
0.4441
0.4443
0.4445
0.4447
0.4449
0.4451
0.4453
0.4455
0.4457
0.4459
0.4461
0.4463
0.4465
0.4467
0.4469
0.4471
0.4473
0.4475
0.4477
0.4479
0.4481
0.4483
0.4485
0.4487
0.4489
0.4491
0.4493
0.4495
0.4497
0.4499
0.4501
0.4503
0.4505
0.4507
0.4509
0.4511
0.4513
0.4515
0.4517
0.4519
0.4521
0.4523
0.4525
0.4527
0.4529
0.4531
0.4533
0.4535
0.4537
0.4539
0.4541
0.4543
0.4545
0.4547
0.4549
0.4551
0.4553
0.4555
0.4557
0.4559
0.4561
0.4563
0.4565
0.4567
0.4569
0.4571
0.4573
0.4575
0.4577
0.4579
0.4581
0.4583
0.4585
0.4587
0.4589
0.4591
0.4593
0.4595
0.4597
0.4599
0.4601
0.4603
0.4605
0.4607
0.4609
0.4611
0.4613
0.4615
0.4617
0.4619
0.4621
0.4623
0.4625
0.4627
0.4629
0.4631
0.4633
0.4635
0.4637
0.4639
0.4641
0.4643
0.4645
0.4647
0.4649
0.4651
0.4653
0.4655
0.4657
0.4659
0.4661
0.4663
0.4665
0.4667
0.4669
0.4671
0.4673
0.4675
0.4677
0.4679
0.4681
0.4683
0.4685
0.4687
0.4689
0.4691
0.4693
0.4695
0.4697
0.4699
0.4701
0.4703
0.4705
0.4707
0.4709
0.4711
0.4713
0.4715
0.4717
0.4719
0.4721
0.4723
0.4725
0.4727
0.4729
0.4731
0.4733
0.4735
0.4737
0.4739
0.4741
0.4743
0.4745
0.4747
0.4749
0.4751
0.4753
0.4755
0.4757
0.4759
0.4761
0.4763
0.4765
0.4767
0.4769
0.4771
0.4773
0.4775
0.4777
0.4779
0.4781
0.4783
0.4785
0.4787
0.4789
0.4791
0.4793
0.4795
0.4797
0.4799
0.4801
0.4803
0.4805
0.4807
0.4809
0.4811
0.4813
0.4815
0.4817
0.4819
0.4821
0.4823
0.4825
0.4827
0.4829
0.4831
0.4833
0.4835
0.4837
0.4839
0.4841
0.4843
0.4845
0.4847
0.4849
0.4851
0.4853
0.4855
0.4857
0.4859
0.4861
0.4863
0.4865
0.4867
0.4869
0.4871
0.4873
0.4875
0.4877
0.4879
0.4881
0.4883
0.4885
0.4887
0.4889
0.4891
0.4893
0.4895
0.4897
0.4899
0.4901
0.4903
0.4905
0.4907
0.4909
0.4911
0.4913
0.4915
0.4917
0.4919
0.4921
0.4923
0.4925
0.4927
0.4929
0.4931
0.4933
0.4935
0.4937
0.4939
0.4941
0.4943
0.4945
0.4947
0.4949
0.4951
0.4953
0.4955
0.4957
0.4959
0.4961
0.4963
0.4965
0.4967
0.4969
0.4971
0.4973
0.4975
0.4977
0.4979
0.4981
0.4983
0.4985
0.4987
0.4989
0.4991
0.4993
0.4995
0.4997
0.4999
0.5001
0.5003
0.5005
0.5007
0.5009
0.5011
0.5013
0.5015
0.5017
0.5019
0.5021
0.5023
0.5025
0.5027
0.5029
0.5031
0.5033
0.5035
0.5037
0.5039
0.5041
0.5043
0.5045
0.5047
0.5049
0.5051
0.5053
0.5055
0.5057
0.5059
0.5061
0.5063
0.5065
0.5067
0.5069
0.5071
0.5073
0.5075
0.5077
0.5079
0.5081
0.5083
0.5085
0.5087
0.5089
0.5091
0.5093
0.5095
0.5097
0.5099
0.5101
0.5103
0.5105
0.5107
0.5109
0.5111
0.5113
0.5115
0.5117
0.5119
0.5121
0.5123
0.5125
0.5127
0.5129
0.5131
0.5133
0.5135
0.5137
0.5139
0.5141
0.5143
0.5145
0.5147
0.5149
0.5151
0.5153
0.5155
0.5157
0.5159
0.5161
0.5163
0.5165
0.5167
0.5169
0.5171
0.5173
0.5175
0.5177
0.5179
0.5181
0.5183
0.5185
0.5187
0.5189
0.5191
0.5193
0.5195
0.5197
0.5199
0.5201
0.5203
0.5205
0.5207
0.5209
0.5211
0.5213
0.5215
0.5217
0.5219
0.5221
0.5223
0.5225
0.5227
0.5229
0.5231
0.5233
0.5235
0.5237
0.5239
0.5241
0.5243
0.5245
0.5247
0.5249
0.5251
0.5253
0.5255
0.5257
0.5259
0.5261
0.5263
0.5265
0.5267
0.5269
0.5271
0.5273
0.5275
0.5277
0.5279
0.5281
0.5283
0.5285
0.5287
0.5289
0.5291
0.5293
0.5295
0.5297
0.5299
0.5301
0.5303
0.5305
0.5307
0.5309
0.5311
0.5313
0.5315
0.5317
0.5319
0.5321
0.5323
0.5325
0.5327
0.5329
0.5331
0.5333
0.5335
0.5337
0.5339
0.5341
0.5343
0.5345
0.5347
0.5349
0.5351
0.5353
0.5355
0.5357
0.5359
0.5361
0.5363
0.5365
0.5367
0.5369
0.5371
0.5373
0.5375
0.5377
0.5379
0.5381
0.5383
0.5385
0.5387
0.5389
0.5391
0.5393
0.5395
0.5397
0.5399
0.5401
0.5403
0.5405
0.5407
0.5409
0.5411
0.5413
0.5415
0.5417
0.5419
0.5421
0.5423
0.5425
0.5427
0.5429
0.5431
0.5433
0.5435
0.5437
0.5439
0.5441
0.5443
0.5445
0.5447
0.5449
0.5451
0.5453
0.5455
0.5457
0.5459
0.5461
0.5463
0.5465
0.5467
0.5469
0.5471
0.5473
0.5475
0.5477
0.5479
0.5481
0.5483
0.5485
0.5487
0.5489
0.5491
0.5493
0.5495
0.5497
0.5499
0.5501
0.5503
0.5505
0.5507
0.5509
0.5511
0.5513
0.5515
0.5517
0.5519
0.5521
0.5523
0.5525
0.5527
0.5529
0.5531
0.5533
0.5535
0.5537
0.5539
0.5541
0.5543
0.5545
0.5547
0.5549
0.5551
0.5553
0.5555
0.5557
0.5559
0.5561
0.5563
0.5565
0.5567
0.5569
0.5571
0.5573
0.5575
0.5577
0.5579
0.5581
0.5583
0.5585
0.5587
0.5589
0.5591
0.5593
0.5595
0.5597
0.5599
0.5601
0.5603
0.5605
0.5607
0.5609
0.5611
0.5613
0.5615
0.5617
0.5619
0.5621
0.5623
0.5625
0.5627
0.5629
0.5631
0.5633
0.5635
0.5637
0.5639
0.5641
0.5643
0.5645
0.5647
0.5649
0.5651
0.5653
0.5655
0.5657
0.5659
0.5661
0.5663
0.5665
0.5667
0.5669
0.5671
0.5673
0.5675
0.5677
0.5679
0.5681
0.5683
0.5685
0.5687
0.5689
0.5691
0.5693
0.5695
0.5697
0.5699
0.5701
0.5703
0.5705
0.5707
0.5709
0.5711
0.5713
0.5715
0.5717
0.5719
0.5721
0.5723
0.5725
0.5727
0.5729
0.5731
0.5733
0.5735
0.5737
0.5739
0.5741
0.5743
0.5745
0.5747
0.5749
0.5751
0.5753
0.5755
0.5757
0.5759
0.5761
0.5763
0.5765
0.5767
0.5769
0.5771
0.5773
0.5775
0.5777
0.5779
0.5781
0.5783
0.5785
0.5787
0.5789
0.5791
0.5793
0.5795
0.5797
0.5799
0.5801
0.5803
0.5805
0.5807
0.5809
0.5811
0.5813
0.5815
0.5817
0.5819
0.5821
0.5823
0.5825
0.5827
0.5829
0.5831
0.5833
0.5835
0.5837
0.5839
0.5841
0.5843
0.5845
0.5847
0.5849
0.5851
0.5853
0.5855
0.5857
0.5859
0.5861
0.5863
0.5865
0.5867
0.5869
0.5871
0.5873
0.5875
0.5877
0.5879
0.5881
0.5883
0.5885
0.5887
0.5889
0.5891
0.5893
0.5895
0.5897
0.5899
0.5901
0.5903
0.5905
0.5907
0.5909
0.5911
0.5913
0.5915
0.5917
0.5919
0.5921
0.5923
0.5925
0.5927
0.5929
0.5931
0.5933
0.5935
0.5937
0.5939
0.5941
0.5943
0.5945
0.5947
0.5949
0.5951
0.5953
0.5955
0.5957
0.5959
0.5961
0.5963
0.5965
0.5967
0.5969
0.5971
0.5973
0.5975
0.5977
0.5979
0.5981
0.5983
0.5985
0.5987
0.5989
0.5991
0.5993
0.5995
0.5997
0.5999
0.6001
0.6003
0.6005
0.6007
0.6009
0.6011
0.6013
0.6015
0.6017
0.6019
0.6021
0.6023
0.6025
0.6027
0.6029
0.6031
0.6033
0.6035
0.6037
0.6039
0.6041
0.6043
0.6045
0.6047
0.6049
0.6051
0.6053
0.6055
0.6057
0.6059
0.6061
0.6063
0.6065
0.6067
0.6069
0.6071
0.6073
0.6075
0.6077
0.6079
0.6081
0.6083
0.6085
0.6087
0.6089
0.6091
0.6093
0.6095
0.6097
0.6099
0.6101
0.6103
0.6105
0.6107
0.6109
0.6111
0.6113
0.6115
0.6117
0.6119
0.6121
0.6123
0.6125
0.6127
0.6129
0.6131
0.6133
0.6135
0.6137
0.6139
0.6141
0.6143
0.6145
0.6147
0.6149
0.6151
0.6153
0.6155
0.6157
0.6159
0.6161
0.6163
0.6165
0.6167
0.6169
0.6171
0.6173
0.6175
0.6177
0.6179
0.6181
0.6183
0.6185
0.6187
0.6189
0.6191
0.6193
0.6195
0.6197
0.6199
0.6201
0.6203
0.6205
0.6207
0.6209
0.6211
0.6213
0.6215
0.6217
0.6219
0.6221
0.6223
0.6225
0.6227
0.6229
0.6231
0.6233
0.6235
0.6237
0.6239
0.6241
0.6243
0.6245
0.6247
0.6249
0.6251
0.6253
0.6255
0.6257
0.6259
0.6261
0.6263
0.6265
0.6267
0.6269
0.6271
0.6273
0.6275
0.6277
0.6279
0.6281
0.6283
0.6285
0.6287
0.6289
0.6291
0.6293
0.6295
0.6297
0.6299
0.6301
0.6303
0.6305
0.6307
0.6309
0.6311
0.6313
0.6315
0.6317
0.6319
0.6321
0.6323
0.6325
0.6327
0.6329
0.6331
0.6333
0.6335
0.6337
0.6339
0.6341
0.6343
0.6345
0.6347
0.6349
0.6351
0.6353
0.6355
0.6357
0.6359
0.6361
0.6363
0.6365
0.6367
0.6369
0.6371
0.6373
0.6375
0.6377
0.6379
0.6381
0.6383
0.6385
0.6387
0.6389
0.6391
0.6393
0.6395
0.6397
0.6399
0.6401
0.6403
0.6405
0.6407
0.6409
0.6411
0.6413
0.6415
0.6417
0.6419
0.6421
0.6423
0.6425
0.6427
0.6429
0.6431
0.6433
0.6435
0.6437
0.6439
0.6441
0.6443
0.6445
0.6447
0.6449
0.6451
0.6453
0.6455
0.6457
0.6459
0.6461
0.6463
0.6465
0.6467
0.6469
0.6471
0.6473
0.6475
0.6477
0.6479
0.6481
0.6483
0.6485
0.6487
0.6489
0.6491
0.6493
0.6495
0.6497
0.6499
0.6501
0.6503
0.6505
0.6507
0.6509
0.6511
0.6513
0.6515
0.6517
0.6519
0.6521
0.6523
0.6525
0.6527
0.6529
0.6531
0.6533
0.6535
0.6537
0.6539
0.6541
0.6543
0.6545
0.6547
0.6549
0.6551
0.6553
0.6555
0.6557
0.6559
0.6561
0.6563
0.6565
0.6567
0.6569
0.6571
0.6573
0.6575
0.6577
0.6579
0.6581
0.6583
0.6585
0.6587
0.6589
0.6591
0.6593
0.6595
0.6597
0.6599
0.6601
0.6603
0.6605
0.6607
0.6609
0.6611
0.6613
0.6615
0.6617
0.6619
0.6621
0.6623
0.6625
0.6627
0.6629
0.6631
0.6633
0.6635
0.6637
0.6639
0.6641
0.6643
0.6645
0.6647
0.6649
0.6651
0.6653
0.6655
0.6657
0.6659
0.6661
0.6663
0.6665
0.6667
0.6669
0.6671
0.6673
0.6675
0.6677
0.6679
0.6681
0.6683
0.6685
0.6687
0.6689
0.6691
0.6693
0.6695
0.6697
0.6699
0.6701
0.6703
0.6705
0.6707
0.6709
0.6711
0.6713
0.6715
0.6717
0.6719
0.6721
0.6723
0.6725
0.6727
0.6729
0.6731
0.6733
0.6735
0.6737
0.6739
0.6741
0.6743
0.6745
0.6747
0.6749
0.6751
0.6753
0.6755
0.6757
0.6759
0.6761
0.6763
0.6765
0.6767
0.6769
0.6771
0.6773
0.6775
0.6777
0.6779
0.6781
0.6783
0.6785
0.6787
0.6789
0.6791
0.6793
0.6795
0.6797
0.6799
0.6801
0.6803
0.6805
0.6807
0.6809
0.6811
0.6813
0.6815
0.6817
0.6819
0.6821
0.6823
0.6825
0.6827
0.6829
0.6831
0.6833
0.6835
0.6837
0.6839
0.6841
0.6843
0.6845
0.6847
0.6849
0.6851
0.6853
0.6855
0.6857
0.6859
0.6861
0.6863
0.6865
0.6867
0.6869
0.6871
0.6873
0.6875
0.6877
0.6879
0.6881
0.6883
0.6885
0.6887
0.6889
0.6891
0.6893
0.6895
0.6897
0.6899
0.6901
0.6903
0.6905
0.6907
0.6909
0.6911
0.6913
0.6915
0.6917
0.6919
0.6921
0.6923
0.6925
0.6927
0.6929
0.6931
0.6933
0.6935
0.6937
0.6939
0.6941
0.6943
0.6945
0.6947
0.6949
0.6951
0.6953
0.6955
0.6957
0.6959
0.6961
0.6963
0.6965
0.6967
0.6969
0.6971
0.6973
0.6975
0.6977
0.6979
0.6981
0.6983
0.6985
0.6987
0.6989
0.6991
0.6993
0.6995
0.6997
0.6999
0.7001
0.7003
0.7005
0.7007
0.7009
0.7011
0.7013
0.7015
0.7017
0.7019
0.7021
0.7023
0.7025
0.7027
0.7029
0.7031
0.7033
0.7035
0.7037
0.7039
0.7041
0.7043
0.7045
0.7047
0.7049
0.7051
0.7053
0.7055
0.7057
0.7059
0.7061
0.7063
0.7065
0.7067
0.7069
0.7071
0.7073
0.7075
0.7077
0.7079
0.7081
0.7083
0.7085
0.7087
0.7089
0.7091
0.7093
0.7095
0.7097
0.7099
0.7101
0.7103
0.7105
0.7107
0.7109
0.7111
0.7113
0.7115
0.7117
0.7119
0.7121
0.7123
0.7125
0.7127
0.7129
0.7131
0.7133
0.7135
0.7137
0.7139
0.7141
0.7143
0.7145
0.7147
0.7149
0.7151
0.7153
0.7155
0.7157
0.7159
0.7161
0.7163
0.7165
0.7167
0.7169
0.7171
0.7173
0.7175
0.7177
0.7179
0.7181
0.7183
0.7185
0.7187
0.7189
0.7191
0.7193
0.7195
0.7197
0.7199
0.7201
0.7203
0.7205
0.7207
0.7209
0.7211
0.7213
0.7215
0.7217
0.7219
0.7221
0.7223
0.7225
0.7227
0.7229
0.7231
0.7233
0.7235
0.7237
0.7239
0.7241
0.7243
0.7245
0.7247
0.7249
0.7251
0.7253
0.7255
0.7257
0.7259
0.7261
0.7263
0.7265
0.7267
0.7269
0.7271
0.7273
0.7275
0.7277
0.7279
0.7281
0.7283
0.7285
0.7287
0.7289
0.7291
0.7293
0.7295
0.7297
0.7299
0.7301
0.7303
0.7305
0.7307
0.7309
0.7311
0.7313
0.7315
0.7317
0.7319
0.7321
0.7323
0.7325
0.7327
0.7329
0.7331
0.7333
0.7335
0.7337
0.7339
0.7341
0.7343
0.7345
0.7347
0.7349
0.7351
0.7353
0.7355
0.7357
0.7359
0.7361
0.7363
0.7365
0.7367
0.7369
0.7371
0.7373
0.7375
0.7377
0.7379
0.7381
0.7383
0.7385
0.7387
0.7389
0.7391
0.7393
0.7395
0.7397
0.7399
0.7401
0.7403
0.7405
0.7407
0.7409
0.7411
0.7413
0.7415
0.7417
0.7419
0.7421
0.7423
0.7425
0.7427
0.7429
0.7431
0.7433
0.7435
0.7437
0.7439
0.7441
0.7443
0.7445
0.7447
0.7449
0.7451
0.7453
0.7455
0.7457
0.7459
0.7461
0.7463
0.7465
0.7467
0.7469
0.7471
0.7473
0.7475
0.7477
0.7479
0.7481
0.7483
0.7485
0.7487
0.7489
0.7491
0.7493
0.7495
0.7497
0.7499
0.7501
0.7503
0.7505
0.7507
0.7509
0.7511
0.7513
0.7515
0.7517
0.7519
0.7521
0.7523
0.7525
0.7527
0.7529
0.7531
0.7533
0.7535
0.7537
0.7539
0.7541
0.7543
0.7545
0.7547
0.7549
0.7551
0.7553
0.7555
0.7557
0.7559
0.7561
0.7563
0.7565
0.7567
0.7569
0.7571
0.7573
0.7575
0.7577
0.7579
0.7581
0.7583
0.7585
0.7587
0.7589
0.7591
0.7593
0.7595
0.7597
0.7599
0.7601
0.7603
0.7605
0.7607
0.7609
0.7611
0.7613
0.7615
0.7617
0.7619
0.7621
0.7623
0.7625
0.7627
0.7629
0.7631
0.7633
0.7635
0.7637
0.7639
0.7641
0.7643
0.7645
0.7647
0.7649
0.7651
0.7653
0.7655
0.7657
0.7659
0.7661
0.7663
0.7665
0.7667
0.7669
0.7671
0.7673
0.7675
0.7677
0.7679
0.7681
0.7683
0.7685
0.7687
0.7689
0.7691
0.7693
0.7695
0.7697
0.7699
0.7701
0.7703
0.7705
0.7707
0.7709
0.7711
0.7713
0.7715
0.7717
0.7719
0.7721
0.7723
0.7725
0.7727
0.7729
0.7731
0.7733
0.7735
0.7737
0.7739
0.7741
0.7743
0.7745
0.7747
0.7749
0.7751
0.7753
0.7755
0.7757
0.7759
0.7761
0.7763
0.7765
0.7767
0.7769
0.7771
0.7773
0.7775
0.7777
0.7779
0.7781
0.7783
0.7785
0.7787
0.7789
0.7791
0.7793
0.7795
0.7797
0.7799
0.7801
0.7803
0.7805
0.7807
0.7809
0.7811
0.7813
0.7815
0.7817
0.7819
0.7821
0.7823
0.7825
0.7827
0.7829
0.7831
0.7833
0.7835
0.7837
0.7839
0.7841
0.7843
0.7845
0.7847
0.7849
0.7851
0.7853
0.7855
0.7857
0.7859
0.7861
0.7863
0.7865
0.7867
0.7869
0.7871
0.7873
0.7875
0.7877
0.7879
0.7881
0.7883
0.7885
0.7887
0.7889
0.7891
0.7893
0.7895
0.7897
0.7899
0.7901
0.7903
0.7905
0.7907
0.7909
0.7911
0.7913
0.7915
0.7917
0.7919
0.7921
0.7923
0.7925
0.7927
0.7929
0.7931
0.7933
0.7935
0.7937
0.7939
0.7941
0.7943
0.7945
0.7947
0.7949
0.7951
0.7953
0.7955
0.7957
0.7959
0.7961
0.7963
0.7965
0.7967
0.7969
0.7971
0.7973
0.7975
0.7977
0.7979
0.7981
0.7983
0.7985
0.7987
0.7989
0.7991
0.7993
0.7995
0.7997
0.7999
)
;
    }
    inlet
    {
        type            calculated;
        value           uniform 0;
    }
    outlet
    {
        type            calculated;
        value           uniform 0.8;
    }
    axis
    {
        type            empty;
    }
}


// ************************************************************************* //
