/*--------------------------------*- C++ -*----------------------------------*\
| =========                 |                                                 |
| \\      /  F ield         | OpenFOAM: The Open Source CFD Toolbox           |
|  \\    /   O peration     | Version:  2112                                  |
|   \\  /    A nd           | Website:  www.openfoam.com                      |
|    \\/     M anipulation  |                                                 |
\*---------------------------------------------------------------------------*/
FoamFile
{
    version     2.0;
    format      ascii;
    arch        "LSB;label=32;scalar=64";
    class       volScalarField;
    location    "0";
    object      Cz;
}
// * * * * * * * * * * * * * * * * * * * * * * * * * * * * * * * * * * * * * //

dimensions      [0 1 0 0 0 0 0];

internalField   nonuniform List<scalar> 
5000
(
1.57628768e-05
4.73075379e-05
7.88900365e-05
0.000110510418
0.000142168728
0.000173865012
0.000205599315
0.000237371683
0.000269182162
0.000301030797
0.000332917635
0.00036484272
0.0003968061
0.000428807819
0.000460847924
0.00049292646
0.000525043475
0.000557199014
0.000589393123
0.000621625848
0.000653897237
0.000686207334
0.000718556188
0.000750943843
0.000783370347
0.000815835747
0.000848340088
0.000880883418
0.000913465784
0.000946087232
0.000978747809
0.00101144756
0.00104418654
0.00107696478
0.00110978235
0.00114263928
0.00117553561
0.00120847141
0.00124144672
0.00127446158
0.00130751603
0.00134061014
0.00137374395
0.00140691749
0.00144013083
0.00147338401
0.00150667708
0.00154001008
0.00157338306
0.00160679607
0.00164024916
0.00167374238
0.00170727577
0.00174084939
0.00177446328
0.00180811748
0.00184181206
0.00187554705
0.0019093225
0.00194313847
0.00197699501
0.00201089215
0.00204482995
0.00207880846
0.00211282772
0.0021468878
0.00218098872
0.00221513055
0.00224931334
0.00228353712
0.00231780196
0.00235210789
0.00238645498
0.00242084327
0.0024552728
0.00248974363
0.00252425581
0.00255880939
0.00259340441
0.00262804093
0.002662719
0.00269743866
0.00273219997
0.00276700297
0.00280184772
0.00283673426
0.00287166266
0.00290663294
0.00294164518
0.00297669941
0.00301179569
0.00304693406
0.00308211459
0.00311733731
0.00315260228
0.00318790956
0.00322325918
0.0032586512
0.00329408568
0.00332956266
0.0033650822
0.00340064434
0.00343624913
0.00347189664
0.0035075869
0.00354331997
0.00357909591
0.00361491476
0.00365077657
0.0036866814
0.00372262929
0.00375862031
0.00379465449
0.0038307319
0.00386685258
0.00390301659
0.00393922398
0.0039754748
0.0040117691
0.00404810694
0.00408448836
0.00412091342
0.00415738217
0.00419389467
0.00423045096
0.00426705111
0.00430369515
0.00434038315
0.00437711516
0.00441389122
0.0044507114
0.00448757574
0.0045244843
0.00456143713
0.00459843429
0.00463547583
0.00467256179
0.00470969224
0.00474686723
0.00478408681
0.00482135104
0.00485865996
0.00489601363
0.00493341211
0.00497085545
0.0050083437
0.00504587692
0.00508345516
0.00512107847
0.00515874691
0.00519646054
0.0052342194
0.00527202355
0.00530987305
0.00534776795
0.00538570831
0.00542369417
0.0054617256
0.00549980264
0.00553792536
0.00557609381
0.00561430804
0.00565256811
0.00569087407
0.00572922597
0.00576762388
0.00580606785
0.00584455793
0.00588309418
0.00592167665
0.00596030541
0.0059989805
0.00603770197
0.0060764699
0.00611528432
0.00615414531
0.0061930529
0.00623200717
0.00627100816
0.00631005593
0.00634915055
0.00638829205
0.0064274805
0.00646671596
0.00650599849
0.00654532813
0.00658470495
0.00662412899
0.00666360033
0.00670311902
0.0067426851
0.00678229865
0.00682195971
0.00686166834
0.00690142461
0.00694122856
0.00698108026
0.00702097976
0.00706092711
0.00710092239
0.00714096563
0.00718105691
0.00722119628
0.0072613838
0.00730161952
0.0073419035
0.0073822358
0.00742261648
0.0074630456
0.00750352321
0.00754404938
0.00758462415
0.00762524759
0.00766591977
0.00770664072
0.00774741052
0.00778822923
0.0078290969
0.00787001358
0.00791097935
0.00795199425
0.00799305835
0.00803417171
0.00807533438
0.00811654643
0.00815780791
0.00819911888
0.00824047941
0.00828188954
0.00832334935
0.00836485889
0.00840641822
0.0084480274
0.00848968648
0.00853139554
0.00857315463
0.00861496381
0.00865682314
0.00869873267
0.00874069248
0.00878270262
0.00882476315
0.00886687413
0.00890903562
0.00895124768
0.00899351038
0.00903582377
0.00907818791
0.00912060287
0.00916306871
0.00920558548
0.00924815326
0.00929077209
0.00933344204
0.00937616318
0.00941893556
0.00946175924
0.00950463429
0.00954756077
0.00959053874
0.00963356826
0.0096766494
0.00971978221
0.00976296675
0.0098062031
0.00984949131
0.00989283144
0.00993622356
0.00997966773
0.010023164
0.0100667125
0.0101103131
0.0101539661
0.0101976715
0.0102414292
0.0102852395
0.0103291023
0.0103730177
0.0104169858
0.0104610067
0.0105050803
0.0105492068
0.0105933862
0.0106376187
0.0106819042
0.0107262428
0.0107706345
0.0108150796
0.0108595779
0.0109041297
0.0109487348
0.0109933935
0.0110381057
0.0110828716
0.0111276911
0.0111725645
0.0112174916
0.0112624726
0.0113075076
0.0113525966
0.0113977397
0.011442937
0.0114881884
0.0115334942
0.0115788543
0.0116242687
0.0116697377
0.0117152612
0.0117608393
0.0118064721
0.0118521596
0.0118979019
0.0119436991
0.0119895512
0.0120354583
0.0120814205
0.0121274378
0.0121735103
0.0122196381
0.0122658212
0.0123120597
0.0123583537
0.0124047032
0.0124511082
0.012497569
0.0125440855
0.0125906577
0.0126372859
0.0126839699
0.01273071
0.0127775061
0.0128243584
0.0128712669
0.0129182316
0.0129652526
0.0130123301
0.013059464
0.0131066545
0.0131539016
0.0132012053
0.0132485658
0.0132959831
0.0133434573
0.0133909884
0.0134385765
0.0134862217
0.0135339241
0.0135816836
0.0136295005
0.0136773747
0.0137253064
0.0137732955
0.0138213422
0.0138694465
0.0139176086
0.0139658284
0.014014106
0.0140624416
0.0141108351
0.0141592867
0.0142077964
0.0142563643
0.0143049904
0.0143536749
0.0144024177
0.014451219
0.0145000789
0.0145489974
0.0145979745
0.0146470104
0.0146961051
0.0147452587
0.0147944713
0.0148437429
0.0148930736
0.0149424635
0.0149919126
0.015041421
0.0150909888
0.0151406161
0.0151903028
0.0152400492
0.0152898553
0.0153397211
0.0153896467
0.0154396322
0.0154896777
0.0155397831
0.0155899487
0.0156401745
0.0156904605
0.0157408068
0.0157912135
0.0158416807
0.0158922084
0.0159427967
0.0159934457
0.0160441555
0.0160949261
0.0161457575
0.01619665
0.0162476035
0.0162986181
0.0163496939
0.016400831
0.0164520294
0.0165032892
0.0165546105
0.0166059934
0.0166574379
0.0167089441
0.0167605121
0.0168121419
0.0168638337
0.0169155874
0.0169674033
0.0170192813
0.0170712215
0.0171232241
0.017175289
0.0172274163
0.0172796062
0.0173318587
0.0173841739
0.0174365518
0.0174889925
0.0175414962
0.0175940628
0.0176466925
0.0176993853
0.0177521413
0.0178049606
0.0178578432
0.0179107893
0.0179637989
0.0180168721
0.0180700089
0.0181232095
0.0181764739
0.0182298022
0.0182831944
0.0183366507
0.0183901711
0.0184437557
0.0184974046
0.0185511178
0.0186048955
0.0186587376
0.0187126444
0.0187666158
0.0188206519
0.0188747529
0.0189289187
0.0189831496
0.0190374454
0.0190918064
0.0191462326
0.0192007241
0.019255281
0.0193099033
0.0193645911
0.0194193445
0.0194741636
0.0195290484
0.0195839991
0.0196390157
0.0196940983
0.0197492469
0.0198044617
0.0198597428
0.0199150901
0.0199705038
0.020025984
0.0200815308
0.0201371441
0.0201928242
0.0202485711
0.0203043848
0.0203602655
0.0204162132
0.0204722281
0.0205283101
0.0205844594
0.020640676
0.02069696
0.0207533116
0.0208097308
0.0208662176
0.0209227722
0.0209793947
0.021036085
0.0210928434
0.0211496698
0.0212065644
0.0212635273
0.0213205584
0.021377658
0.0214348261
0.0214920627
0.021549368
0.021606742
0.0216641849
0.0217216966
0.0217792774
0.0218369272
0.0218946461
0.0219524343
0.0220102918
0.0220682187
0.0221262151
0.0221842811
0.0222424167
0.022300622
0.0223588972
0.0224172422
0.0224756573
0.0225341424
0.0225926976
0.0226513231
0.022710019
0.0227687852
0.0228276219
0.0228865292
0.0229455071
0.0230045558
0.0230636753
0.0231228657
0.0231821272
0.0232414597
0.0233008634
0.0233603383
0.0234198846
0.0234795023
0.0235391915
0.0235989523
0.0236587848
0.0237186891
0.0237786652
0.0238387132
0.0238988333
0.0239590255
0.0240192899
0.0240796266
0.0241400356
0.0242005171
0.0242610712
0.0243216979
0.0243823973
0.0244431695
0.0245040147
0.0245649328
0.0246259239
0.0246869883
0.0247481258
0.0248093368
0.0248706211
0.0249319789
0.0249934104
0.0250549155
0.0251164944
0.0251781472
0.0252398739
0.0253016747
0.0253635496
0.0254254987
0.0254875221
0.0255496199
0.0256117922
0.0256740391
0.0257363606
0.0257987569
0.025861228
0.0259237741
0.0259863952
0.0260490914
0.0261118628
0.0261747095
0.0262376316
0.0263006292
0.0263637023
0.0264268511
0.0264900756
0.026553376
0.0266167523
0.0266802046
0.026743733
0.0268073376
0.0268710186
0.0269347759
0.0269986097
0.02706252
0.027126507
0.0271905708
0.0272547114
0.0273189289
0.0273832235
0.0274475952
0.0275120441
0.0275765703
0.0276411739
0.027705855
0.0277706137
0.02783545
0.0279003642
0.0279653562
0.0280304261
0.0280955741
0.0281608003
0.0282261047
0.0282914874
0.0283569485
0.0284224882
0.0284881065
0.0285538035
0.0286195792
0.0286854339
0.0287513676
0.0288173804
0.0288834723
0.0289496436
0.0290158942
0.0290822242
0.0291486339
0.0292151231
0.0292816922
0.0293483411
0.0294150699
0.0294818788
0.0295487678
0.029615737
0.0296827866
0.0297499166
0.0298171271
0.0298844182
0.0299517901
0.0300192427
0.0300867763
0.0301543909
0.0302220866
0.0302898635
0.0303577216
0.0304256612
0.0304936823
0.0305617849
0.0306299693
0.0306982354
0.0307665834
0.0308350134
0.0309035255
0.0309721198
0.0310407963
0.0311095552
0.0311783966
0.0312473206
0.0313163272
0.0313854167
0.0314545889
0.0315238442
0.0315931825
0.031662604
0.0317321088
0.0318016969
0.0318713685
0.0319411237
0.0320109626
0.0320808852
0.0321508917
0.0322209822
0.0322911567
0.0323614154
0.0324317584
0.0325021858
0.0325726976
0.032643294
0.0327139751
0.032784741
0.0328555918
0.0329265275
0.0329975483
0.0330686544
0.0331398457
0.0332111224
0.0332824846
0.0333539324
0.0334254659
0.0334970852
0.0335687904
0.0336405816
0.033712459
0.0337844225
0.0338564724
0.0339286087
0.0340008315
0.034073141
0.0341455372
0.0342180202
0.0342905902
0.0343632472
0.0344359913
0.0345088228
0.0345817416
0.0346547478
0.0347278416
0.0348010231
0.0348742924
0.0349476496
0.0350210947
0.035094628
0.0351682494
0.0352419592
0.0353157573
0.035389644
0.0354636194
0.0355376834
0.0356118363
0.0356860782
0.035760409
0.0358348291
0.0359093384
0.0359839371
0.0360586253
0.036133403
0.0362082705
0.0362832277
0.0363582749
0.0364334121
0.0365086394
0.0365839569
0.0366593648
0.0367348632
0.0368104521
0.0368861316
0.036961902
0.0370377632
0.0371137154
0.0371897588
0.0372658933
0.0373421192
0.0374184365
0.0374948453
0.0375713458
0.0376479381
0.0377246222
0.0378013983
0.0378782665
0.0379552269
0.0380322796
0.0381094248
0.0381866624
0.0382639928
0.0383414158
0.0384189318
0.0384965407
0.0385742427
0.0386520379
0.0387299265
0.0388079084
0.0388859839
0.0389641531
0.039042416
0.0391207728
0.0391992236
0.0392777684
0.0393564075
0.039435141
0.0395139688
0.0395928912
0.0396719083
0.0397510202
0.0398302269
0.0399095287
0.0399889256
0.0400684177
0.0401480052
0.0402276881
0.0403074666
0.0403873408
0.0404673108
0.0405473768
0.0406275387
0.0407077969
0.0407881513
0.0408686021
0.0409491493
0.0410297932
0.0411105339
0.0411913713
0.0412723058
0.0413533373
0.041434466
0.0415156921
0.0415970155
0.0416784365
0.0417599552
0.0418415717
0.041923286
0.0420050984
0.0420870089
0.0421690176
0.0422511248
0.0423333304
0.0424156346
0.0424980375
0.0425805393
0.04266314
0.0427458398
0.0428286388
0.0429115372
0.0429945349
0.0430776323
0.0431608293
0.0432441261
0.0433275228
0.0434110195
0.0434946164
0.0435783136
0.0436621111
0.0437460092
0.0438300079
0.0439141074
0.0439983077
0.044082609
0.0441670115
0.0442515152
0.0443361202
0.0444208268
0.0445056349
0.0445905448
0.0446755565
0.0447606702
0.044845886
0.044931204
0.0450166243
0.0451021471
0.0451877725
0.0452735006
0.0453593315
0.0454452654
0.0455313024
0.0456174425
0.045703686
0.0457900329
0.0458764834
0.0459630376
0.0460496956
0.0461364576
0.0462233236
0.0463102938
0.0463973684
0.0464845474
0.0465718309
0.0466592192
0.0467467123
0.0468343103
0.0469220134
0.0470098217
0.0470977353
0.0471857544
0.047273879
0.0473621094
0.0474504456
0.0475388877
0.047627436
0.0477160904
0.0478048512
0.0478937184
0.0479826923
0.0480717729
0.0481609603
0.0482502547
0.0483396562
0.0484291649
0.0485187811
0.0486085047
0.0486983359
0.0487882749
0.0488783217
0.0489684766
0.0490587396
0.0491491109
0.0492395906
0.0493301788
0.0494208757
0.0495116813
0.0496025959
0.0496936195
0.0497847524
0.0498759945
0.0499673461
0.0500588072
0.0501503781
0.0502420588
0.0503338494
0.0504257502
0.0505177612
0.0506098825
0.0507021144
0.0507944569
0.0508869102
0.0509794743
0.0510721495
0.0511649359
0.0512578335
0.0513508426
0.0514439632
0.0515371955
0.0516305397
0.0517239959
0.0518175641
0.0519112446
0.0520050374
0.0520989427
0.0521929607
0.0522870915
0.0523813351
0.0524756918
0.0525701617
0.0526647449
0.0527594416
0.0528542518
0.0529491758
0.0530442136
0.0531393654
0.0532346314
0.0533300116
0.0534255062
0.0535211154
0.0536168393
0.053712678
0.0538086316
0.0539047004
0.0540008843
0.0540971837
0.0541935985
0.054290129
0.0543867753
0.0544835375
0.0545804158
0.0546774103
0.0547745211
0.0548717484
0.0549690923
0.055066553
0.0551641306
0.0552618253
0.0553596371
0.0554575663
0.0555556129
0.0556537771
0.0557520591
0.0558504589
0.0559489768
0.0560476129
0.0561463673
0.0562452401
0.0563442315
0.0564433417
0.0565425707
0.0566419188
0.056741386
0.0568409726
0.0569406786
0.0570405042
0.0571404495
0.0572405148
0.0573407
0.0574410054
0.0575414312
0.0576419774
0.0577426442
0.0578434317
0.0579443402
0.0580453696
0.0581465203
0.0582477923
0.0583491858
0.0584507009
0.0585523377
0.0586540965
0.0587559773
0.0588579803
0.0589601057
0.0590623536
0.0591647241
0.0592672175
0.0593698337
0.0594725731
0.0595754357
0.0596784216
0.0597815311
0.0598847643
0.0599881213
0.0600916023
0.0601952074
0.0602989368
0.0604027906
0.0605067689
0.060610872
0.0607151
0.060819453
0.0609239311
0.0610285346
0.0611332635
0.0612381181
0.0613430984
0.0614482047
0.061553437
0.0616587956
0.0617642805
0.061869892
0.0619756302
0.0620814951
0.0621874871
0.0622936062
0.0623998526
0.0625062264
0.0626127278
0.062719357
0.0628261141
0.0629329992
0.0630400125
0.0631471542
0.0632544245
0.0633618233
0.063469351
0.0635770077
0.0636847935
0.0637927087
0.0639007532
0.0640089274
0.0641172312
0.0642256651
0.0643342289
0.064442923
0.0645517475
0.0646607025
0.0647697882
0.0648790048
0.0649883523
0.065097831
0.0652074411
0.0653171826
0.0654270557
0.0655370606
0.0656471975
0.0657574665
0.0658678678
0.0659784015
0.0660890677
0.0661998667
0.0663107987
0.0664218636
0.0665330618
0.0666443934
0.0667558585
0.0668674573
0.06697919
0.0670910567
0.0672030576
0.0673151928
0.0674274626
0.067539867
0.0676524062
0.0677650804
0.0678778898
0.0679908345
0.0681039147
0.0682171305
0.0683304821
0.0684439696
0.0685575933
0.0686713533
0.0687852498
0.0688992828
0.0690134527
0.0691277594
0.0692422033
0.0693567845
0.0694715031
0.0695863593
0.0697013533
0.0698164852
0.0699317552
0.0700471635
0.0701627102
0.0702783955
0.0703942196
0.0705101826
0.0706262847
0.0707425261
0.0708589069
0.0709754273
0.0710920874
0.0712088875
0.0713258277
0.0714429082
0.0715601291
0.0716774906
0.0717949928
0.0719126361
0.0720304204
0.072148346
0.0722664131
0.0723846217
0.0725029722
0.0726214646
0.0727400992
0.0728588761
0.0729777954
0.0730968574
0.0732160622
0.07333541
0.0734549009
0.0735745352
0.0736943129
0.0738142344
0.0739342996
0.0740545089
0.0741748624
0.0742953603
0.0744160027
0.0745367898
0.0746577217
0.0747787988
0.074900021
0.0750213887
0.075142902
0.075264561
0.0753863659
0.0755083169
0.0756304143
0.075752658
0.0758750484
0.0759975856
0.0761202698
0.0762431012
0.0763660799
0.0764892061
0.07661248
0.0767359017
0.0768594715
0.0769831895
0.0771070559
0.0772310709
0.0773552347
0.0774795474
0.0776040091
0.0777286202
0.0778533808
0.077978291
0.078103351
0.078228561
0.0783539213
0.0784794319
0.078605093
0.0787309049
0.0788568677
0.0789829815
0.0791092467
0.0792356633
0.0793622315
0.0794889516
0.0796158236
0.0797428479
0.0798700245
0.0799973536
0.0801248355
0.0802524703
0.0803802582
0.0805081994
0.080636294
0.0807645423
0.0808929444
0.0810215005
0.0811502108
0.0812790756
0.0814080949
0.0815372689
0.0816665979
0.081796082
0.0819257215
0.0820555164
0.082185467
0.0823155735
0.0824458361
0.0825762549
0.0827068301
0.082837562
0.0829684507
0.0830994964
0.0832306993
0.0833620595
0.0834935773
0.0836252529
0.0837570864
0.083889078
0.084021228
0.0841535365
0.0842860037
0.0844186297
0.0845514149
0.0846843593
0.0848174632
0.0849507268
0.0850841502
0.0852177336
0.0853514773
0.0854853814
0.0856194461
0.0857536717
0.0858880582
0.0860226059
0.086157315
0.0862921858
0.0864272182
0.0865624127
0.0866977693
0.0868332882
0.0869689698
0.087104814
0.0872408212
0.0873769916
0.0875133253
0.0876498225
0.0877864835
0.0879233083
0.0880602973
0.0881974506
0.0883347685
0.088472251
0.0886098984
0.088747711
0.0888856888
0.0890238322
0.0891621413
0.0893006162
0.0894392573
0.0895780646
0.0897170385
0.089856179
0.0899954865
0.090134961
0.0902746029
0.0904144122
0.0905543893
0.0906945342
0.0908348473
0.0909753286
0.0911159785
0.0912567971
0.0913977846
0.0915389412
0.0916802671
0.0918217625
0.0919634277
0.0921052627
0.0922472679
0.0923894435
0.0925317896
0.0926743064
0.0928169942
0.0929598531
0.0931028834
0.0932460852
0.0933894588
0.0935330044
0.0936767222
0.0938206124
0.0939646751
0.0941089107
0.0942533192
0.094397901
0.0945426562
0.0946875851
0.0948326878
0.0949779645
0.0951234155
0.0952690409
0.0954148411
0.0955608161
0.0957069662
0.0958532916
0.0959997926
0.0961464692
0.0962933218
0.0964403506
0.0965875557
0.0967349373
0.0968824958
0.0970302313
0.0971781439
0.097326234
0.0974745017
0.0976229473
0.0977715709
0.0979203728
0.0980693532
0.0982185123
0.0983678503
0.0985173674
0.0986670639
0.0988169399
0.0989669957
0.0991172315
0.0992676475
0.099418244
0.099569021
0.0997199789
0.0998711179
0.100022438
0.10017394
0.100325624
0.100477489
0.100629537
0.100781767
0.100934179
0.101086775
0.101239553
0.101392515
0.10154566
0.101698989
0.101852502
0.102006199
0.10216008
0.102314146
0.102468396
0.102622832
0.102777453
0.102932259
0.103087252
0.10324243
0.103397794
0.103553344
0.103709081
0.103865005
0.104021116
0.104177414
0.1043339
0.104490573
0.104647435
0.104804484
0.104961722
0.105119148
0.105276763
0.105434568
0.105592561
0.105750744
0.105909117
0.10606768
0.106226433
0.106385377
0.106544511
0.106703836
0.106863352
0.107023059
0.107182958
0.107343049
0.107503332
0.107663807
0.107824474
0.107985335
0.108146388
0.108307634
0.108469074
0.108630707
0.108792535
0.108954556
0.109116772
0.109279182
0.109441788
0.109604588
0.109767583
0.109930774
0.110094161
0.110257744
0.110421523
0.110585498
0.11074967
0.110914039
0.111078605
0.111243369
0.11140833
0.111573489
0.111738846
0.111904402
0.112070156
0.112236109
0.112402261
0.112568612
0.112735163
0.112901914
0.113068864
0.113236015
0.113403366
0.113570918
0.113738672
0.113906626
0.114074782
0.114243139
0.114411698
0.11458046
0.114749424
0.114918591
0.11508796
0.115257533
0.115427309
0.115597289
0.115767473
0.115937861
0.116108453
0.11627925
0.116450251
0.116621458
0.11679287
0.116964488
0.117136312
0.117308341
0.117480577
0.11765302
0.11782567
0.117998526
0.11817159
0.118344862
0.118518341
0.118692029
0.118865924
0.119040029
0.119214342
0.119388864
0.119563596
0.119738537
0.119913688
0.12008905
0.120264621
0.120440403
0.120616396
0.1207926
0.120969016
0.121145643
0.121322481
0.121499532
0.121676796
0.121854272
0.122031961
0.122209863
0.122387978
0.122566307
0.12274485
0.122923607
0.123102579
0.123281765
0.123461166
0.123640783
0.123820614
0.124000662
0.124180925
0.124361405
0.124542101
0.124723014
0.124904144
0.125085491
0.125267056
0.125448838
0.125630839
0.125813058
0.125995495
0.126178151
0.126361027
0.126544121
0.126727436
0.12691097
0.127094724
0.127278699
0.127462895
0.127647311
0.127831949
0.128016808
0.128201888
0.128387191
0.128572716
0.128758464
0.128944434
0.129130628
0.129317044
0.129503685
0.129690549
0.129877638
0.13006495
0.130252488
0.13044025
0.130628238
0.130816451
0.13100489
0.131193555
0.131382447
0.131571564
0.131760909
0.131950481
0.13214028
0.132330307
0.132520562
0.132711045
0.132901756
0.133092696
0.133283866
0.133475264
0.133666893
0.13385875
0.134050839
0.134243157
0.134435706
0.134628487
0.134821498
0.135014741
0.135208216
0.135401923
0.135595862
0.135790034
0.135984438
0.136179076
0.136373948
0.136569053
0.136764392
0.136959965
0.137155773
0.137351816
0.137548094
0.137744608
0.137941357
0.138138342
0.138335564
0.138533022
0.138730717
0.138928649
0.139126818
0.139325225
0.13952387
0.139722754
0.139921876
0.140121237
0.140320836
0.140520676
0.140720755
0.140921074
0.141121633
0.141322433
0.141523474
0.141724756
0.141926279
0.142128044
0.142330051
0.142532301
0.142734793
0.142937528
0.143140506
0.143343727
0.143547193
0.143750902
0.143954856
0.144159054
0.144363497
0.144568186
0.14477312
0.1449783
0.145183726
0.145389398
0.145595317
0.145801483
0.146007896
0.146214557
0.146421466
0.146628623
0.146836029
0.147043683
0.147251586
0.147459739
0.147668142
0.147876794
0.148085697
0.14829485
0.148504254
0.148713909
0.148923816
0.149133975
0.149344385
0.149555048
0.149765964
0.149977133
0.150188555
0.15040023
0.15061216
0.150824344
0.151036782
0.151249475
0.151462423
0.151675627
0.151889086
0.152102801
0.152316773
0.152531002
0.152745487
0.15296023
0.15317523
0.153390488
0.153606004
0.153821779
0.154037813
0.154254105
0.154470657
0.154687469
0.154904541
0.155121874
0.155339467
0.155557321
0.155775436
0.155993813
0.156212452
0.156431354
0.156650517
0.156869944
0.157089634
0.157309587
0.157529805
0.157750286
0.157971032
0.158192042
0.158413318
0.158634859
0.158856666
0.159078739
0.159301078
0.159523684
0.159746557
0.159969698
0.160193106
0.160416782
0.160640726
0.160864939
0.161089421
0.161314172
0.161539193
0.161764483
0.161990044
0.162215875
0.162441978
0.162668351
0.162894996
0.163121913
0.163349102
0.163576564
0.163804298
0.164032306
0.164260587
0.164489142
0.164717971
0.164947074
0.165176452
0.165406106
0.165636035
0.16586624
0.166096721
0.166327478
0.166558512
0.166789823
0.167021412
0.167253278
0.167485423
0.167717846
0.167950548
0.168183529
0.168416789
0.168650329
0.16888415
0.169118251
0.169352632
0.169587295
0.169822239
0.170057465
0.170292973
0.170528764
0.170764837
0.171001194
0.171237834
0.171474758
0.171711967
0.171949459
0.172187237
0.1724253
0.172663648
0.172902283
0.173141203
0.17338041
0.173619904
0.173859685
0.174099754
0.174340111
0.174580756
0.17482169
0.175062913
0.175304425
0.175546227
0.175788319
0.176030701
0.176273374
0.176516339
0.176759594
0.177003142
0.177246981
0.177491113
0.177735538
0.177980256
0.178225267
0.178470573
0.178716172
0.178962067
0.179208256
0.17945474
0.17970152
0.179948596
0.180195969
0.180443638
0.180691604
0.180939868
0.18118843
0.181437289
0.181686448
0.181935905
0.182185661
0.182435717
0.182686073
0.182936729
0.183187686
0.183438943
0.183690502
0.183942363
0.184194526
0.184446992
0.18469976
0.184952832
0.185206207
0.185459886
0.185713869
0.185968157
0.18622275
0.186477648
0.186732852
0.186988362
0.187244179
0.187500302
0.187756733
0.188013471
0.188270518
0.188527872
0.188785536
0.189043508
0.18930179
0.189560381
0.189819283
0.190078495
0.190338019
0.190597853
0.190857999
0.191118458
0.191379228
0.191640312
0.191901708
0.192163419
0.192425443
0.192687781
0.192950434
0.193213402
0.193476686
0.193740285
0.194004201
0.194268433
0.194532982
0.194797848
0.195063032
0.195328534
0.195594355
0.195860494
0.196126953
0.196393731
0.19666083
0.196928248
0.197195988
0.197464049
0.197732431
0.198001135
0.198270161
0.19853951
0.198809182
0.199079178
0.199349497
0.199620141
0.19989111
0.200162403
0.200434022
0.200705966
0.200978237
0.201250835
0.201523759
0.201797011
0.20207059
0.202344498
0.202618734
0.202893299
0.203168194
0.203443418
0.203718972
0.203994857
0.204271073
0.20454762
0.204824499
0.20510171
0.205379253
0.20565713
0.205935339
0.206213883
0.20649276
0.206771972
0.207051519
0.207331401
0.207611619
0.207892173
0.208173064
0.208454291
0.208735856
0.209017759
0.2093
0.209582579
0.209865497
0.210148755
0.210432352
0.21071629
0.211000568
0.211285187
0.211570147
0.211855449
0.212141094
0.212427081
0.212713411
0.213000085
0.213287102
0.213574464
0.213862171
0.214150222
0.214438619
0.214727362
0.215016452
0.215305888
0.215595671
0.215885802
0.216176281
0.216467108
0.216758284
0.21704981
0.217341685
0.21763391
0.217926486
0.218219412
0.21851269
0.21880632
0.219100302
0.219394637
0.219689324
0.219984366
0.220279761
0.22057551
0.220871614
0.221168074
0.221464888
0.221762059
0.222059587
0.222357471
0.222655713
0.222954312
0.22325327
0.223552586
0.223852261
0.224152295
0.22445269
0.224753445
0.22505456
0.225356037
0.225657875
0.225960076
0.226262638
0.226565564
0.226868853
0.227172506
0.227476524
0.227780905
0.228085652
0.228390765
0.228696243
0.229002088
0.2293083
0.229614879
0.229921826
0.230229141
0.230536824
0.230844877
0.231153299
0.231462091
0.231771254
0.232080787
0.232390692
0.232700968
0.233011617
0.233322638
0.233634032
0.2339458
0.234257941
0.234570457
0.234883349
0.235196615
0.235510257
0.235824275
0.23613867
0.236453442
0.236768592
0.237084119
0.237400025
0.23771631
0.238032975
0.238350019
0.238667443
0.238985249
0.239303435
0.239622003
0.239940953
0.240260286
0.240580002
0.240900102
0.241220585
0.241541453
0.241862705
0.242184343
0.242506367
0.242828777
0.243151574
0.243474758
0.243798329
0.244122289
0.244446637
0.244771374
0.245096501
0.245422018
0.245747926
0.246074224
0.246400913
0.246727995
0.247055469
0.247383335
0.247711595
0.248040249
0.248369297
0.248698739
0.249028577
0.24935881
0.24968944
0.250020466
0.250351889
0.25068371
0.251015928
0.251348545
0.251681562
0.252014977
0.252348793
0.252683009
0.253017625
0.253352643
0.253688064
0.254023886
0.254360111
0.25469674
0.255033772
0.255371208
0.25570905
0.256047296
0.256385948
0.256725007
0.257064472
0.257404344
0.257744624
0.258085312
0.258426409
0.258767915
0.259109831
0.259452157
0.259794893
0.26013804
0.260481599
0.260825571
0.261169954
0.261514751
0.261859962
0.262205586
0.262551625
0.262898079
0.263244949
0.263592235
0.263939937
0.264288056
0.264636593
0.264985548
0.265334922
0.265684715
0.266034927
0.266385559
0.266736612
0.267088086
0.267439982
0.267792299
0.26814504
0.268498203
0.26885179
0.269205801
0.269560237
0.269915098
0.270270384
0.270626097
0.270982236
0.271338803
0.271695797
0.27205322
0.272411071
0.272769351
0.273128062
0.273487202
0.273846773
0.274206776
0.27456721
0.274928077
0.275289377
0.275651109
0.276013276
0.276375878
0.276738914
0.277102385
0.277466293
0.277830637
0.278195418
0.278560637
0.278926294
0.279292389
0.279658924
0.280025898
0.280393312
0.280761167
0.281129464
0.281498202
0.281867382
0.282237005
0.282607072
0.282977582
0.283348537
0.283719937
0.284091783
0.284464074
0.284836812
0.285209997
0.285583629
0.28595771
0.28633224
0.286707219
0.287082647
0.287458526
0.287834856
0.288211637
0.28858887
0.288966555
0.289344694
0.289723286
0.290102333
0.290481833
0.29086179
0.291242202
0.29162307
0.292004395
0.292386177
0.292768418
0.293151117
0.293534275
0.293917892
0.29430197
0.294686508
0.295071508
0.295456969
0.295842893
0.29622928
0.29661613
0.297003444
0.297391223
0.297779467
0.298168177
0.298557352
0.298946995
0.299337105
0.299727683
0.30011873
0.300510245
0.30090223
0.301294686
0.301687612
0.302081009
0.302474878
0.30286922
0.303264035
0.303659323
0.304055086
0.304451323
0.304848035
0.305245223
0.305642888
0.30604103
0.306439649
0.306838747
0.307238323
0.307638378
0.308038913
0.308439929
0.308841426
0.309243404
0.309645865
0.310048808
0.310452235
0.310856145
0.31126054
0.31166542
0.312070786
0.312476638
0.312882977
0.313289803
0.313697117
0.314104919
0.314513211
0.314921993
0.315331265
0.315741028
0.316151282
0.316562029
0.316973268
0.317385
0.317797226
0.318209947
0.318623163
0.319036874
0.319451082
0.319865786
0.320280988
0.320696688
0.321112887
0.321529585
0.321946783
0.322364481
0.32278268
0.323201381
0.323620584
0.324040289
0.324460499
0.324881212
0.32530243
0.325724153
0.326146382
0.326569117
0.32699236
0.32741611
0.327840369
0.328265136
0.328690413
0.3291162
0.329542498
0.329969307
0.330396628
0.330824462
0.331252808
0.331681669
0.332111044
0.332540934
0.33297134
0.333402262
0.3338337
0.334265657
0.334698131
0.335131124
0.335564637
0.33599867
0.336433223
0.336868297
0.337303894
0.337740012
0.338176654
0.33861382
0.33905151
0.339489725
0.339928466
0.340367733
0.340807527
0.341247848
0.341688698
0.342130076
0.342571984
0.343014422
0.34345739
0.34390089
0.344344922
0.344789487
0.345234584
0.345680216
0.346126382
0.346573083
0.34702032
0.347468094
0.347916405
0.348365253
0.34881464
0.349264566
0.349715031
0.350166037
0.350617584
0.351069672
0.351522303
0.351975477
0.352429194
0.352883456
0.353338262
0.353793614
0.354249512
0.354705957
0.355162949
0.35562049
0.356078579
0.356537218
0.356996407
0.357456147
0.357916438
0.358377282
0.358838678
0.359300628
0.359763131
0.36022619
0.360689804
0.361153974
0.3616187
0.362083985
0.362549827
0.363016228
0.363483189
0.363950709
0.364418791
0.364887434
0.365356639
0.365826406
0.366296738
0.366767633
0.367239094
0.367711119
0.368183711
0.36865687
0.369130597
0.369604891
0.370079755
0.370555188
0.371031192
0.371507766
0.371984912
0.37246263
0.372940922
0.373419787
0.373899227
0.374379241
0.374859832
0.375340998
0.375822742
0.376305064
0.376787965
0.377271444
0.377755504
0.378240144
0.378725365
0.379211169
0.379697555
0.380184525
0.380672078
0.381160217
0.381648941
0.382138252
0.382628149
0.383118634
0.383609707
0.384101369
0.384593621
0.385086463
0.385579897
0.386073922
0.386568541
0.387063752
0.387559557
0.388055957
0.388552953
0.389050544
0.389548733
0.390047519
0.390546903
0.391046886
0.39154747
0.392048653
0.392550438
0.393052824
0.393555813
0.394059406
0.394563603
0.395068404
0.395573811
0.396079824
0.396586444
0.397093672
0.397601508
0.398109953
0.398619008
0.399128674
0.399638951
0.40014984
0.400661342
0.401173458
0.401686187
0.402199532
0.402713493
0.40322807
0.403743264
0.404259076
0.404775507
0.405292558
0.405810228
0.40632852
0.406847433
0.407366969
0.407887128
0.408407911
0.408929318
0.409451351
0.40997401
0.410497296
0.41102121
0.411545752
0.412070923
0.412596724
0.413123156
0.413650219
0.414177915
0.414706244
0.415235206
0.415764803
0.416295035
0.416825903
0.417357407
0.41788955
0.41842233
0.41895575
0.419489809
0.420024509
0.420559851
0.421095835
0.421632461
0.422169731
0.422707646
0.423246206
0.423785412
0.424325264
0.424865764
0.425406913
0.425948711
0.426491158
0.427034256
0.427578006
0.428122408
0.428667463
0.429213171
0.429759534
0.430306553
0.430854228
0.431402559
0.431951549
0.432501196
0.433051504
0.433602471
0.434154099
0.434706389
0.435259341
0.435812956
0.436367236
0.43692218
0.437477791
0.438034067
0.438591011
0.439148623
0.439706903
0.440265854
0.440825474
0.441385767
0.441946731
0.442508368
0.443070678
0.443633663
0.444197324
0.44476166
0.445326674
0.445892365
0.446458735
0.447025784
0.447593513
0.448161923
0.448731015
0.44930079
0.449871248
0.450442391
0.451014218
0.451586731
0.452159932
0.452733819
0.453308395
0.45388366
0.454459616
0.455036262
0.455613599
0.45619163
0.456770353
0.457349771
0.457929884
0.458510693
0.459092198
0.459674401
0.460257302
0.460840902
0.461425203
0.462010204
0.462595907
0.463182312
0.463769421
0.464357234
0.464945752
0.465534976
0.466124907
0.466715546
0.467306893
0.467898949
0.468491716
0.469085193
0.469679382
0.470274284
0.4708699
0.47146623
0.472063275
0.472661037
0.473259516
0.473858712
0.474458627
0.475059262
0.475660617
0.476262693
0.476865492
0.477469014
0.478073259
0.47867823
0.479283926
0.479890349
0.480497499
0.481105377
0.481713984
0.482323322
0.48293339
0.48354419
0.484155723
0.484767989
0.48538099
0.485994726
0.486609198
0.487224407
0.487840355
0.488457041
0.489074466
0.489692632
0.49031154
0.49093119
0.491551584
0.492172721
0.492794604
0.493417233
0.494040608
0.494664731
0.495289603
0.495915224
0.496541596
0.497168719
0.497796594
0.498425223
0.499054605
0.499684742
0.5001
0.5003
0.5005
0.5007
0.5009
0.5011
0.5013
0.5015
0.5017
0.5019
0.5021
0.5023
0.5025
0.5027
0.5029
0.5031
0.5033
0.5035
0.5037
0.5039
0.5041
0.5043
0.5045
0.5047
0.5049
0.5051
0.5053
0.5055
0.5057
0.5059
0.5061
0.5063
0.5065
0.5067
0.5069
0.5071
0.5073
0.5075
0.5077
0.5079
0.5081
0.5083
0.5085
0.5087
0.5089
0.5091
0.5093
0.5095
0.5097
0.5099
0.5101
0.5103
0.5105
0.5107
0.5109
0.5111
0.5113
0.5115
0.5117
0.5119
0.5121
0.5123
0.5125
0.5127
0.5129
0.5131
0.5133
0.5135
0.5137
0.5139
0.5141
0.5143
0.5145
0.5147
0.5149
0.5151
0.5153
0.5155
0.5157
0.5159
0.5161
0.5163
0.5165
0.5167
0.5169
0.5171
0.5173
0.5175
0.5177
0.5179
0.5181
0.5183
0.5185
0.5187
0.5189
0.5191
0.5193
0.5195
0.5197
0.5199
0.5201
0.5203
0.5205
0.5207
0.5209
0.5211
0.5213
0.5215
0.5217
0.5219
0.5221
0.5223
0.5225
0.5227
0.5229
0.5231
0.5233
0.5235
0.5237
0.5239
0.5241
0.5243
0.5245
0.5247
0.5249
0.5251
0.5253
0.5255
0.5257
0.5259
0.5261
0.5263
0.5265
0.5267
0.5269
0.5271
0.5273
0.5275
0.5277
0.5279
0.5281
0.5283
0.5285
0.5287
0.5289
0.5291
0.5293
0.5295
0.5297
0.5299
0.5301
0.5303
0.5305
0.5307
0.5309
0.5311
0.5313
0.5315
0.5317
0.5319
0.5321
0.5323
0.5325
0.5327
0.5329
0.5331
0.5333
0.5335
0.5337
0.5339
0.5341
0.5343
0.5345
0.5347
0.5349
0.5351
0.5353
0.5355
0.5357
0.5359
0.5361
0.5363
0.5365
0.5367
0.5369
0.5371
0.5373
0.5375
0.5377
0.5379
0.5381
0.5383
0.5385
0.5387
0.5389
0.5391
0.5393
0.5395
0.5397
0.5399
0.5401
0.5403
0.5405
0.5407
0.5409
0.5411
0.5413
0.5415
0.5417
0.5419
0.5421
0.5423
0.5425
0.5427
0.5429
0.5431
0.5433
0.5435
0.5437
0.5439
0.5441
0.5443
0.5445
0.5447
0.5449
0.5451
0.5453
0.5455
0.5457
0.5459
0.5461
0.5463
0.5465
0.5467
0.5469
0.5471
0.5473
0.5475
0.5477
0.5479
0.5481
0.5483
0.5485
0.5487
0.5489
0.5491
0.5493
0.5495
0.5497
0.5499
0.5501
0.5503
0.5505
0.5507
0.5509
0.5511
0.5513
0.5515
0.5517
0.5519
0.5521
0.5523
0.5525
0.5527
0.5529
0.5531
0.5533
0.5535
0.5537
0.5539
0.5541
0.5543
0.5545
0.5547
0.5549
0.5551
0.5553
0.5555
0.5557
0.5559
0.5561
0.5563
0.5565
0.5567
0.5569
0.5571
0.5573
0.5575
0.5577
0.5579
0.5581
0.5583
0.5585
0.5587
0.5589
0.5591
0.5593
0.5595
0.5597
0.5599
0.5601
0.5603
0.5605
0.5607
0.5609
0.5611
0.5613
0.5615
0.5617
0.5619
0.5621
0.5623
0.5625
0.5627
0.5629
0.5631
0.5633
0.5635
0.5637
0.5639
0.5641
0.5643
0.5645
0.5647
0.5649
0.5651
0.5653
0.5655
0.5657
0.5659
0.5661
0.5663
0.5665
0.5667
0.5669
0.5671
0.5673
0.5675
0.5677
0.5679
0.5681
0.5683
0.5685
0.5687
0.5689
0.5691
0.5693
0.5695
0.5697
0.5699
0.5701
0.5703
0.5705
0.5707
0.5709
0.5711
0.5713
0.5715
0.5717
0.5719
0.5721
0.5723
0.5725
0.5727
0.5729
0.5731
0.5733
0.5735
0.5737
0.5739
0.5741
0.5743
0.5745
0.5747
0.5749
0.5751
0.5753
0.5755
0.5757
0.5759
0.5761
0.5763
0.5765
0.5767
0.5769
0.5771
0.5773
0.5775
0.5777
0.5779
0.5781
0.5783
0.5785
0.5787
0.5789
0.5791
0.5793
0.5795
0.5797
0.5799
0.5801
0.5803
0.5805
0.5807
0.5809
0.5811
0.5813
0.5815
0.5817
0.5819
0.5821
0.5823
0.5825
0.5827
0.5829
0.5831
0.5833
0.5835
0.5837
0.5839
0.5841
0.5843
0.5845
0.5847
0.5849
0.5851
0.5853
0.5855
0.5857
0.5859
0.5861
0.5863
0.5865
0.5867
0.5869
0.5871
0.5873
0.5875
0.5877
0.5879
0.5881
0.5883
0.5885
0.5887
0.5889
0.5891
0.5893
0.5895
0.5897
0.5899
0.5901
0.5903
0.5905
0.5907
0.5909
0.5911
0.5913
0.5915
0.5917
0.5919
0.5921
0.5923
0.5925
0.5927
0.5929
0.5931
0.5933
0.5935
0.5937
0.5939
0.5941
0.5943
0.5945
0.5947
0.5949
0.5951
0.5953
0.5955
0.5957
0.5959
0.5961
0.5963
0.5965
0.5967
0.5969
0.5971
0.5973
0.5975
0.5977
0.5979
0.5981
0.5983
0.5985
0.5987
0.5989
0.5991
0.5993
0.5995
0.5997
0.5999
0.6001
0.6003
0.6005
0.6007
0.6009
0.6011
0.6013
0.6015
0.6017
0.6019
0.6021
0.6023
0.6025
0.6027
0.6029
0.6031
0.6033
0.6035
0.6037
0.6039
0.6041
0.6043
0.6045
0.6047
0.6049
0.6051
0.6053
0.6055
0.6057
0.6059
0.6061
0.6063
0.6065
0.6067
0.6069
0.6071
0.6073
0.6075
0.6077
0.6079
0.6081
0.6083
0.6085
0.6087
0.6089
0.6091
0.6093
0.6095
0.6097
0.6099
0.6101
0.6103
0.6105
0.6107
0.6109
0.6111
0.6113
0.6115
0.6117
0.6119
0.6121
0.6123
0.6125
0.6127
0.6129
0.6131
0.6133
0.6135
0.6137
0.6139
0.6141
0.6143
0.6145
0.6147
0.6149
0.6151
0.6153
0.6155
0.6157
0.6159
0.6161
0.6163
0.6165
0.6167
0.6169
0.6171
0.6173
0.6175
0.6177
0.6179
0.6181
0.6183
0.6185
0.6187
0.6189
0.6191
0.6193
0.6195
0.6197
0.6199
0.6201
0.6203
0.6205
0.6207
0.6209
0.6211
0.6213
0.6215
0.6217
0.6219
0.6221
0.6223
0.6225
0.6227
0.6229
0.6231
0.6233
0.6235
0.6237
0.6239
0.6241
0.6243
0.6245
0.6247
0.6249
0.6251
0.6253
0.6255
0.6257
0.6259
0.6261
0.6263
0.6265
0.6267
0.6269
0.6271
0.6273
0.6275
0.6277
0.6279
0.6281
0.6283
0.6285
0.6287
0.6289
0.6291
0.6293
0.6295
0.6297
0.6299
0.6301
0.6303
0.6305
0.6307
0.6309
0.6311
0.6313
0.6315
0.6317
0.6319
0.6321
0.6323
0.6325
0.6327
0.6329
0.6331
0.6333
0.6335
0.6337
0.6339
0.6341
0.6343
0.6345
0.6347
0.6349
0.6351
0.6353
0.6355
0.6357
0.6359
0.6361
0.6363
0.6365
0.6367
0.6369
0.6371
0.6373
0.6375
0.6377
0.6379
0.6381
0.6383
0.6385
0.6387
0.6389
0.6391
0.6393
0.6395
0.6397
0.6399
0.6401
0.6403
0.6405
0.6407
0.6409
0.6411
0.6413
0.6415
0.6417
0.6419
0.6421
0.6423
0.6425
0.6427
0.6429
0.6431
0.6433
0.6435
0.6437
0.6439
0.6441
0.6443
0.6445
0.6447
0.6449
0.6451
0.6453
0.6455
0.6457
0.6459
0.6461
0.6463
0.6465
0.6467
0.6469
0.6471
0.6473
0.6475
0.6477
0.6479
0.6481
0.6483
0.6485
0.6487
0.6489
0.6491
0.6493
0.6495
0.6497
0.6499
0.6501
0.6503
0.6505
0.6507
0.6509
0.6511
0.6513
0.6515
0.6517
0.6519
0.6521
0.6523
0.6525
0.6527
0.6529
0.6531
0.6533
0.6535
0.6537
0.6539
0.6541
0.6543
0.6545
0.6547
0.6549
0.6551
0.6553
0.6555
0.6557
0.6559
0.6561
0.6563
0.6565
0.6567
0.6569
0.6571
0.6573
0.6575
0.6577
0.6579
0.6581
0.6583
0.6585
0.6587
0.6589
0.6591
0.6593
0.6595
0.6597
0.6599
0.6601
0.6603
0.6605
0.6607
0.6609
0.6611
0.6613
0.6615
0.6617
0.6619
0.6621
0.6623
0.6625
0.6627
0.6629
0.6631
0.6633
0.6635
0.6637
0.6639
0.6641
0.6643
0.6645
0.6647
0.6649
0.6651
0.6653
0.6655
0.6657
0.6659
0.6661
0.6663
0.6665
0.6667
0.6669
0.6671
0.6673
0.6675
0.6677
0.6679
0.6681
0.6683
0.6685
0.6687
0.6689
0.6691
0.6693
0.6695
0.6697
0.6699
0.6701
0.6703
0.6705
0.6707
0.6709
0.6711
0.6713
0.6715
0.6717
0.6719
0.6721
0.6723
0.6725
0.6727
0.6729
0.6731
0.6733
0.6735
0.6737
0.6739
0.6741
0.6743
0.6745
0.6747
0.6749
0.6751
0.6753
0.6755
0.6757
0.6759
0.6761
0.6763
0.6765
0.6767
0.6769
0.6771
0.6773
0.6775
0.6777
0.6779
0.6781
0.6783
0.6785
0.6787
0.6789
0.6791
0.6793
0.6795
0.6797
0.6799
0.6801
0.6803
0.6805
0.6807
0.6809
0.6811
0.6813
0.6815
0.6817
0.6819
0.6821
0.6823
0.6825
0.6827
0.6829
0.6831
0.6833
0.6835
0.6837
0.6839
0.6841
0.6843
0.6845
0.6847
0.6849
0.6851
0.6853
0.6855
0.6857
0.6859
0.6861
0.6863
0.6865
0.6867
0.6869
0.6871
0.6873
0.6875
0.6877
0.6879
0.6881
0.6883
0.6885
0.6887
0.6889
0.6891
0.6893
0.6895
0.6897
0.6899
0.6901
0.6903
0.6905
0.6907
0.6909
0.6911
0.6913
0.6915
0.6917
0.6919
0.6921
0.6923
0.6925
0.6927
0.6929
0.6931
0.6933
0.6935
0.6937
0.6939
0.6941
0.6943
0.6945
0.6947
0.6949
0.6951
0.6953
0.6955
0.6957
0.6959
0.6961
0.6963
0.6965
0.6967
0.6969
0.6971
0.6973
0.6975
0.6977
0.6979
0.6981
0.6983
0.6985
0.6987
0.6989
0.6991
0.6993
0.6995
0.6997
0.6999
0.7001
0.7003
0.7005
0.7007
0.7009
0.7011
0.7013
0.7015
0.7017
0.7019
0.7021
0.7023
0.7025
0.7027
0.7029
0.7031
0.7033
0.7035
0.7037
0.7039
0.7041
0.7043
0.7045
0.7047
0.7049
0.7051
0.7053
0.7055
0.7057
0.7059
0.7061
0.7063
0.7065
0.7067
0.7069
0.7071
0.7073
0.7075
0.7077
0.7079
0.7081
0.7083
0.7085
0.7087
0.7089
0.7091
0.7093
0.7095
0.7097
0.7099
0.7101
0.7103
0.7105
0.7107
0.7109
0.7111
0.7113
0.7115
0.7117
0.7119
0.7121
0.7123
0.7125
0.7127
0.7129
0.7131
0.7133
0.7135
0.7137
0.7139
0.7141
0.7143
0.7145
0.7147
0.7149
0.7151
0.7153
0.7155
0.7157
0.7159
0.7161
0.7163
0.7165
0.7167
0.7169
0.7171
0.7173
0.7175
0.7177
0.7179
0.7181
0.7183
0.7185
0.7187
0.7189
0.7191
0.7193
0.7195
0.7197
0.7199
0.7201
0.7203
0.7205
0.7207
0.7209
0.7211
0.7213
0.7215
0.7217
0.7219
0.7221
0.7223
0.7225
0.7227
0.7229
0.7231
0.7233
0.7235
0.7237
0.7239
0.7241
0.7243
0.7245
0.7247
0.7249
0.7251
0.7253
0.7255
0.7257
0.7259
0.7261
0.7263
0.7265
0.7267
0.7269
0.7271
0.7273
0.7275
0.7277
0.7279
0.7281
0.7283
0.7285
0.7287
0.7289
0.7291
0.7293
0.7295
0.7297
0.7299
0.7301
0.7303
0.7305
0.7307
0.7309
0.7311
0.7313
0.7315
0.7317
0.7319
0.7321
0.7323
0.7325
0.7327
0.7329
0.7331
0.7333
0.7335
0.7337
0.7339
0.7341
0.7343
0.7345
0.7347
0.7349
0.7351
0.7353
0.7355
0.7357
0.7359
0.7361
0.7363
0.7365
0.7367
0.7369
0.7371
0.7373
0.7375
0.7377
0.7379
0.7381
0.7383
0.7385
0.7387
0.7389
0.7391
0.7393
0.7395
0.7397
0.7399
0.7401
0.7403
0.7405
0.7407
0.7409
0.7411
0.7413
0.7415
0.7417
0.7419
0.7421
0.7423
0.7425
0.7427
0.7429
0.7431
0.7433
0.7435
0.7437
0.7439
0.7441
0.7443
0.7445
0.7447
0.7449
0.7451
0.7453
0.7455
0.7457
0.7459
0.7461
0.7463
0.7465
0.7467
0.7469
0.7471
0.7473
0.7475
0.7477
0.7479
0.7481
0.7483
0.7485
0.7487
0.7489
0.7491
0.7493
0.7495
0.7497
0.7499
0.7501
0.7503
0.7505
0.7507
0.7509
0.7511
0.7513
0.7515
0.7517
0.7519
0.7521
0.7523
0.7525
0.7527
0.7529
0.7531
0.7533
0.7535
0.7537
0.7539
0.7541
0.7543
0.7545
0.7547
0.7549
0.7551
0.7553
0.7555
0.7557
0.7559
0.7561
0.7563
0.7565
0.7567
0.7569
0.7571
0.7573
0.7575
0.7577
0.7579
0.7581
0.7583
0.7585
0.7587
0.7589
0.7591
0.7593
0.7595
0.7597
0.7599
0.7601
0.7603
0.7605
0.7607
0.7609
0.7611
0.7613
0.7615
0.7617
0.7619
0.7621
0.7623
0.7625
0.7627
0.7629
0.7631
0.7633
0.7635
0.7637
0.7639
0.7641
0.7643
0.7645
0.7647
0.7649
0.7651
0.7653
0.7655
0.7657
0.7659
0.7661
0.7663
0.7665
0.7667
0.7669
0.7671
0.7673
0.7675
0.7677
0.7679
0.7681
0.7683
0.7685
0.7687
0.7689
0.7691
0.7693
0.7695
0.7697
0.7699
0.7701
0.7703
0.7705
0.7707
0.7709
0.7711
0.7713
0.7715
0.7717
0.7719
0.7721
0.7723
0.7725
0.7727
0.7729
0.7731
0.7733
0.7735
0.7737
0.7739
0.7741
0.7743
0.7745
0.7747
0.7749
0.7751
0.7753
0.7755
0.7757
0.7759
0.7761
0.7763
0.7765
0.7767
0.7769
0.7771
0.7773
0.7775
0.7777
0.7779
0.7781
0.7783
0.7785
0.7787
0.7789
0.7791
0.7793
0.7795
0.7797
0.7799
0.7801
0.7803
0.7805
0.7807
0.7809
0.7811
0.7813
0.7815
0.7817
0.7819
0.7821
0.7823
0.7825
0.7827
0.7829
0.7831
0.7833
0.7835
0.7837
0.7839
0.7841
0.7843
0.7845
0.7847
0.7849
0.7851
0.7853
0.7855
0.7857
0.7859
0.7861
0.7863
0.7865
0.7867
0.7869
0.7871
0.7873
0.7875
0.7877
0.7879
0.7881
0.7883
0.7885
0.7887
0.7889
0.7891
0.7893
0.7895
0.7897
0.7899
0.7901
0.7903
0.7905
0.7907
0.7909
0.7911
0.7913
0.7915
0.7917
0.7919
0.7921
0.7923
0.7925
0.7927
0.7929
0.7931
0.7933
0.7935
0.7937
0.7939
0.7941
0.7943
0.7945
0.7947
0.7949
0.7951
0.7953
0.7955
0.7957
0.7959
0.7961
0.7963
0.7965
0.7967
0.7969
0.7971
0.7973
0.7975
0.7977
0.7979
0.7981
0.7983
0.7985
0.7987
0.7989
0.7991
0.7993
0.7995
0.7997
0.7999
0.8001
0.8003
0.8005
0.8007
0.8009
0.8011
0.8013
0.8015
0.8017
0.8019
0.8021
0.8023
0.8025
0.8027
0.8029
0.8031
0.8033
0.8035
0.8037
0.8039
0.8041
0.8043
0.8045
0.8047
0.8049
0.8051
0.8053
0.8055
0.8057
0.8059
0.8061
0.8063
0.8065
0.8067
0.8069
0.8071
0.8073
0.8075
0.8077
0.8079
0.8081
0.8083
0.8085
0.8087
0.8089
0.8091
0.8093
0.8095
0.8097
0.8099
0.8101
0.8103
0.8105
0.8107
0.8109
0.8111
0.8113
0.8115
0.8117
0.8119
0.8121
0.8123
0.8125
0.8127
0.8129
0.8131
0.8133
0.8135
0.8137
0.8139
0.8141
0.8143
0.8145
0.8147
0.8149
0.8151
0.8153
0.8155
0.8157
0.8159
0.8161
0.8163
0.8165
0.8167
0.8169
0.8171
0.8173
0.8175
0.8177
0.8179
0.8181
0.8183
0.8185
0.8187
0.8189
0.8191
0.8193
0.8195
0.8197
0.8199
0.8201
0.8203
0.8205
0.8207
0.8209
0.8211
0.8213
0.8215
0.8217
0.8219
0.8221
0.8223
0.8225
0.8227
0.8229
0.8231
0.8233
0.8235
0.8237
0.8239
0.8241
0.8243
0.8245
0.8247
0.8249
0.8251
0.8253
0.8255
0.8257
0.8259
0.8261
0.8263
0.8265
0.8267
0.8269
0.8271
0.8273
0.8275
0.8277
0.8279
0.8281
0.8283
0.8285
0.8287
0.8289
0.8291
0.8293
0.8295
0.8297
0.8299
0.8301
0.8303
0.8305
0.8307
0.8309
0.8311
0.8313
0.8315
0.8317
0.8319
0.8321
0.8323
0.8325
0.8327
0.8329
0.8331
0.8333
0.8335
0.8337
0.8339
0.8341
0.8343
0.8345
0.8347
0.8349
0.8351
0.8353
0.8355
0.8357
0.8359
0.8361
0.8363
0.8365
0.8367
0.8369
0.8371
0.8373
0.8375
0.8377
0.8379
0.8381
0.8383
0.8385
0.8387
0.8389
0.8391
0.8393
0.8395
0.8397
0.8399
0.8401
0.8403
0.8405
0.8407
0.8409
0.8411
0.8413
0.8415
0.8417
0.8419
0.8421
0.8423
0.8425
0.8427
0.8429
0.8431
0.8433
0.8435
0.8437
0.8439
0.8441
0.8443
0.8445
0.8447
0.8449
0.8451
0.8453
0.8455
0.8457
0.8459
0.8461
0.8463
0.8465
0.8467
0.8469
0.8471
0.8473
0.8475
0.8477
0.8479
0.8481
0.8483
0.8485
0.8487
0.8489
0.8491
0.8493
0.8495
0.8497
0.8499
0.8501
0.8503
0.8505
0.8507
0.8509
0.8511
0.8513
0.8515
0.8517
0.8519
0.8521
0.8523
0.8525
0.8527
0.8529
0.8531
0.8533
0.8535
0.8537
0.8539
0.8541
0.8543
0.8545
0.8547
0.8549
0.8551
0.8553
0.8555
0.8557
0.8559
0.8561
0.8563
0.8565
0.8567
0.8569
0.8571
0.8573
0.8575
0.8577
0.8579
0.8581
0.8583
0.8585
0.8587
0.8589
0.8591
0.8593
0.8595
0.8597
0.8599
0.8601
0.8603
0.8605
0.8607
0.8609
0.8611
0.8613
0.8615
0.8617
0.8619
0.8621
0.8623
0.8625
0.8627
0.8629
0.8631
0.8633
0.8635
0.8637
0.8639
0.8641
0.8643
0.8645
0.8647
0.8649
0.8651
0.8653
0.8655
0.8657
0.8659
0.8661
0.8663
0.8665
0.8667
0.8669
0.8671
0.8673
0.8675
0.8677
0.8679
0.8681
0.8683
0.8685
0.8687
0.8689
0.8691
0.8693
0.8695
0.8697
0.8699
0.8701
0.8703
0.8705
0.8707
0.8709
0.8711
0.8713
0.8715
0.8717
0.8719
0.8721
0.8723
0.8725
0.8727
0.8729
0.8731
0.8733
0.8735
0.8737
0.8739
0.8741
0.8743
0.8745
0.8747
0.8749
0.8751
0.8753
0.8755
0.8757
0.8759
0.8761
0.8763
0.8765
0.8767
0.8769
0.8771
0.8773
0.8775
0.8777
0.8779
0.8781
0.8783
0.8785
0.8787
0.8789
0.8791
0.8793
0.8795
0.8797
0.8799
0.8801
0.8803
0.8805
0.8807
0.8809
0.8811
0.8813
0.8815
0.8817
0.8819
0.8821
0.8823
0.8825
0.8827
0.8829
0.8831
0.8833
0.8835
0.8837
0.8839
0.8841
0.8843
0.8845
0.8847
0.8849
0.8851
0.8853
0.8855
0.8857
0.8859
0.8861
0.8863
0.8865
0.8867
0.8869
0.8871
0.8873
0.8875
0.8877
0.8879
0.8881
0.8883
0.8885
0.8887
0.8889
0.8891
0.8893
0.8895
0.8897
0.8899
0.8901
0.8903
0.8905
0.8907
0.8909
0.8911
0.8913
0.8915
0.8917
0.8919
0.8921
0.8923
0.8925
0.8927
0.8929
0.8931
0.8933
0.8935
0.8937
0.8939
0.8941
0.8943
0.8945
0.8947
0.8949
0.8951
0.8953
0.8955
0.8957
0.8959
0.8961
0.8963
0.8965
0.8967
0.8969
0.8971
0.8973
0.8975
0.8977
0.8979
0.8981
0.8983
0.8985
0.8987
0.8989
0.8991
0.8993
0.8995
0.8997
0.8999
0.9001
0.9003
0.9005
0.9007
0.9009
0.9011
0.9013
0.9015
0.9017
0.9019
0.9021
0.9023
0.9025
0.9027
0.9029
0.9031
0.9033
0.9035
0.9037
0.9039
0.9041
0.9043
0.9045
0.9047
0.9049
0.9051
0.9053
0.9055
0.9057
0.9059
0.9061
0.9063
0.9065
0.9067
0.9069
0.9071
0.9073
0.9075
0.9077
0.9079
0.9081
0.9083
0.9085
0.9087
0.9089
0.9091
0.9093
0.9095
0.9097
0.9099
0.9101
0.9103
0.9105
0.9107
0.9109
0.9111
0.9113
0.9115
0.9117
0.9119
0.9121
0.9123
0.9125
0.9127
0.9129
0.9131
0.9133
0.9135
0.9137
0.9139
0.9141
0.9143
0.9145
0.9147
0.9149
0.9151
0.9153
0.9155
0.9157
0.9159
0.9161
0.9163
0.9165
0.9167
0.9169
0.9171
0.9173
0.9175
0.9177
0.9179
0.9181
0.9183
0.9185
0.9187
0.9189
0.9191
0.9193
0.9195
0.9197
0.9199
0.9201
0.9203
0.9205
0.9207
0.9209
0.9211
0.9213
0.9215
0.9217
0.9219
0.9221
0.9223
0.9225
0.9227
0.9229
0.9231
0.9233
0.9235
0.9237
0.9239
0.9241
0.9243
0.9245
0.9247
0.9249
0.9251
0.9253
0.9255
0.9257
0.9259
0.9261
0.9263
0.9265
0.9267
0.9269
0.9271
0.9273
0.9275
0.9277
0.9279
0.9281
0.9283
0.9285
0.9287
0.9289
0.9291
0.9293
0.9295
0.9297
0.9299
0.9301
0.9303
0.9305
0.9307
0.9309
0.9311
0.9313
0.9315
0.9317
0.9319
0.9321
0.9323
0.9325
0.9327
0.9329
0.9331
0.9333
0.9335
0.9337
0.9339
0.9341
0.9343
0.9345
0.9347
0.9349
0.9351
0.9353
0.9355
0.9357
0.9359
0.9361
0.9363
0.9365
0.9367
0.9369
0.9371
0.9373
0.9375
0.9377
0.9379
0.9381
0.9383
0.9385
0.9387
0.9389
0.9391
0.9393
0.9395
0.9397
0.9399
0.9401
0.9403
0.9405
0.9407
0.9409
0.9411
0.9413
0.9415
0.9417
0.9419
0.9421
0.9423
0.9425
0.9427
0.9429
0.9431
0.9433
0.9435
0.9437
0.9439
0.9441
0.9443
0.9445
0.9447
0.9449
0.9451
0.9453
0.9455
0.9457
0.9459
0.9461
0.9463
0.9465
0.9467
0.9469
0.9471
0.9473
0.9475
0.9477
0.9479
0.9481
0.9483
0.9485
0.9487
0.9489
0.9491
0.9493
0.9495
0.9497
0.9499
0.9501
0.9503
0.9505
0.9507
0.9509
0.9511
0.9513
0.9515
0.9517
0.9519
0.9521
0.9523
0.9525
0.9527
0.9529
0.9531
0.9533
0.9535
0.9537
0.9539
0.9541
0.9543
0.9545
0.9547
0.9549
0.9551
0.9553
0.9555
0.9557
0.9559
0.9561
0.9563
0.9565
0.9567
0.9569
0.9571
0.9573
0.9575
0.9577
0.9579
0.9581
0.9583
0.9585
0.9587
0.9589
0.9591
0.9593
0.9595
0.9597
0.9599
0.9601
0.9603
0.9605
0.9607
0.9609
0.9611
0.9613
0.9615
0.9617
0.9619
0.9621
0.9623
0.9625
0.9627
0.9629
0.9631
0.9633
0.9635
0.9637
0.9639
0.9641
0.9643
0.9645
0.9647
0.9649
0.9651
0.9653
0.9655
0.9657
0.9659
0.9661
0.9663
0.9665
0.9667
0.9669
0.9671
0.9673
0.9675
0.9677
0.9679
0.9681
0.9683
0.9685
0.9687
0.9689
0.9691
0.9693
0.9695
0.9697
0.9699
0.9701
0.9703
0.9705
0.9707
0.9709
0.9711
0.9713
0.9715
0.9717
0.9719
0.9721
0.9723
0.9725
0.9727
0.9729
0.9731
0.9733
0.9735
0.9737
0.9739
0.9741
0.9743
0.9745
0.9747
0.9749
0.9751
0.9753
0.9755
0.9757
0.9759
0.9761
0.9763
0.9765
0.9767
0.9769
0.9771
0.9773
0.9775
0.9777
0.9779
0.9781
0.9783
0.9785
0.9787
0.9789
0.9791
0.9793
0.9795
0.9797
0.9799
0.9801
0.9803
0.9805
0.9807
0.9809
0.9811
0.9813
0.9815
0.9817
0.9819
0.9821
0.9823
0.9825
0.9827
0.9829
0.9831
0.9833
0.9835
0.9837
0.9839
0.9841
0.9843
0.9845
0.9847
0.9849
0.9851
0.9853
0.9855
0.9857
0.9859
0.9861
0.9863
0.9865
0.9867
0.9869
0.9871
0.9873
0.9875
0.9877
0.9879
0.9881
0.9883
0.9885
0.9887
0.9889
0.9891
0.9893
0.9895
0.9897
0.9899
0.9901
0.9903
0.9905
0.9907
0.9909
0.9911
0.9913
0.9915
0.9917
0.9919
0.9921
0.9923
0.9925
0.9927
0.9929
0.9931
0.9933
0.9935
0.9937
0.9939
0.9941
0.9943
0.9945
0.9947
0.9949
0.9951
0.9953
0.9955
0.9957
0.9959
0.9961
0.9963
0.9965
0.9967
0.9969
0.9971
0.9973
0.9975
0.9977
0.9979
0.9981
0.9983
0.9985
0.9987
0.9989
0.9991
0.9993
0.9995
0.9997
0.9999
)
;

boundaryField
{
    front
    {
        type            wedge;
    }
    back
    {
        type            wedge;
    }
    wall
    {
        type            calculated;
        value           nonuniform List<scalar> 
5000
(
1.57628768e-05
4.73075379e-05
7.88900365e-05
0.000110510418
0.000142168728
0.000173865012
0.000205599315
0.000237371683
0.000269182162
0.000301030797
0.000332917635
0.00036484272
0.0003968061
0.000428807819
0.000460847924
0.00049292646
0.000525043475
0.000557199014
0.000589393123
0.000621625848
0.000653897236
0.000686207334
0.000718556187
0.000750943843
0.000783370347
0.000815835747
0.000848340088
0.000880883418
0.000913465784
0.000946087232
0.000978747809
0.00101144756
0.00104418654
0.00107696478
0.00110978235
0.00114263928
0.00117553561
0.00120847141
0.00124144672
0.00127446158
0.00130751603
0.00134061014
0.00137374395
0.00140691749
0.00144013083
0.00147338401
0.00150667708
0.00154001008
0.00157338306
0.00160679607
0.00164024916
0.00167374238
0.00170727577
0.00174084939
0.00177446328
0.00180811748
0.00184181206
0.00187554705
0.0019093225
0.00194313847
0.00197699501
0.00201089215
0.00204482995
0.00207880846
0.00211282772
0.0021468878
0.00218098872
0.00221513055
0.00224931334
0.00228353712
0.00231780196
0.00235210789
0.00238645498
0.00242084327
0.0024552728
0.00248974363
0.00252425581
0.00255880939
0.00259340441
0.00262804093
0.002662719
0.00269743866
0.00273219997
0.00276700297
0.00280184772
0.00283673426
0.00287166266
0.00290663294
0.00294164518
0.00297669941
0.00301179569
0.00304693406
0.00308211459
0.00311733731
0.00315260228
0.00318790956
0.00322325918
0.0032586512
0.00329408568
0.00332956266
0.0033650822
0.00340064434
0.00343624913
0.00347189664
0.0035075869
0.00354331997
0.00357909591
0.00361491476
0.00365077657
0.0036866814
0.00372262929
0.00375862031
0.00379465449
0.0038307319
0.00386685258
0.00390301659
0.00393922398
0.0039754748
0.0040117691
0.00404810694
0.00408448836
0.00412091342
0.00415738217
0.00419389467
0.00423045096
0.00426705111
0.00430369515
0.00434038315
0.00437711515
0.00441389122
0.0044507114
0.00448757574
0.0045244843
0.00456143713
0.00459843429
0.00463547583
0.00467256179
0.00470969224
0.00474686723
0.00478408681
0.00482135104
0.00485865996
0.00489601363
0.00493341211
0.00497085545
0.0050083437
0.00504587692
0.00508345516
0.00512107847
0.00515874691
0.00519646054
0.0052342194
0.00527202355
0.00530987305
0.00534776795
0.00538570831
0.00542369417
0.0054617256
0.00549980264
0.00553792536
0.00557609381
0.00561430804
0.00565256811
0.00569087407
0.00572922597
0.00576762388
0.00580606785
0.00584455793
0.00588309418
0.00592167665
0.00596030541
0.0059989805
0.00603770197
0.0060764699
0.00611528432
0.00615414531
0.0061930529
0.00623200717
0.00627100816
0.00631005593
0.00634915055
0.00638829205
0.0064274805
0.00646671596
0.00650599849
0.00654532813
0.00658470495
0.00662412899
0.00666360033
0.00670311902
0.0067426851
0.00678229865
0.00682195971
0.00686166834
0.00690142461
0.00694122856
0.00698108026
0.00702097976
0.00706092711
0.00710092239
0.00714096563
0.00718105691
0.00722119628
0.0072613838
0.00730161952
0.0073419035
0.0073822358
0.00742261648
0.0074630456
0.00750352321
0.00754404938
0.00758462415
0.00762524759
0.00766591977
0.00770664072
0.00774741052
0.00778822923
0.0078290969
0.00787001358
0.00791097935
0.00795199425
0.00799305835
0.00803417171
0.00807533438
0.00811654643
0.00815780791
0.00819911888
0.00824047941
0.00828188954
0.00832334935
0.00836485889
0.00840641822
0.0084480274
0.00848968648
0.00853139554
0.00857315463
0.00861496381
0.00865682314
0.00869873267
0.00874069248
0.00878270262
0.00882476315
0.00886687413
0.00890903562
0.00895124768
0.00899351038
0.00903582377
0.00907818791
0.00912060287
0.00916306871
0.00920558548
0.00924815326
0.00929077209
0.00933344204
0.00937616318
0.00941893556
0.00946175924
0.00950463429
0.00954756077
0.00959053874
0.00963356826
0.0096766494
0.00971978221
0.00976296675
0.0098062031
0.00984949131
0.00989283144
0.00993622356
0.00997966773
0.010023164
0.0100667125
0.0101103131
0.0101539661
0.0101976715
0.0102414292
0.0102852395
0.0103291023
0.0103730177
0.0104169858
0.0104610067
0.0105050803
0.0105492068
0.0105933862
0.0106376187
0.0106819042
0.0107262428
0.0107706345
0.0108150796
0.0108595779
0.0109041297
0.0109487348
0.0109933935
0.0110381057
0.0110828716
0.0111276911
0.0111725645
0.0112174916
0.0112624726
0.0113075076
0.0113525966
0.0113977397
0.011442937
0.0114881884
0.0115334942
0.0115788542
0.0116242687
0.0116697377
0.0117152612
0.0117608393
0.0118064721
0.0118521596
0.0118979019
0.0119436991
0.0119895512
0.0120354583
0.0120814205
0.0121274378
0.0121735103
0.0122196381
0.0122658212
0.0123120597
0.0123583537
0.0124047032
0.0124511082
0.012497569
0.0125440855
0.0125906577
0.0126372859
0.0126839699
0.01273071
0.0127775061
0.0128243584
0.0128712669
0.0129182316
0.0129652526
0.0130123301
0.013059464
0.0131066545
0.0131539016
0.0132012053
0.0132485658
0.0132959831
0.0133434573
0.0133909884
0.0134385765
0.0134862217
0.0135339241
0.0135816836
0.0136295005
0.0136773747
0.0137253064
0.0137732955
0.0138213422
0.0138694465
0.0139176086
0.0139658284
0.014014106
0.0140624416
0.0141108351
0.0141592867
0.0142077964
0.0142563643
0.0143049904
0.0143536749
0.0144024177
0.014451219
0.0145000789
0.0145489974
0.0145979745
0.0146470104
0.0146961051
0.0147452587
0.0147944713
0.0148437429
0.0148930736
0.0149424635
0.0149919126
0.015041421
0.0150909888
0.0151406161
0.0151903028
0.0152400492
0.0152898553
0.0153397211
0.0153896467
0.0154396322
0.0154896777
0.0155397832
0.0155899487
0.0156401745
0.0156904605
0.0157408068
0.0157912135
0.0158416807
0.0158922084
0.0159427967
0.0159934457
0.0160441555
0.0160949261
0.0161457576
0.01619665
0.0162476035
0.0162986181
0.0163496939
0.016400831
0.0164520294
0.0165032892
0.0165546105
0.0166059934
0.0166574379
0.0167089441
0.0167605121
0.0168121419
0.0168638337
0.0169155874
0.0169674033
0.0170192813
0.0170712215
0.0171232241
0.017175289
0.0172274163
0.0172796062
0.0173318587
0.0173841739
0.0174365518
0.0174889925
0.0175414962
0.0175940628
0.0176466925
0.0176993853
0.0177521413
0.0178049606
0.0178578432
0.0179107893
0.0179637989
0.0180168721
0.0180700089
0.0181232095
0.0181764739
0.0182298021
0.0182831944
0.0183366507
0.0183901711
0.0184437557
0.0184974046
0.0185511178
0.0186048955
0.0186587376
0.0187126444
0.0187666158
0.0188206519
0.0188747529
0.0189289187
0.0189831496
0.0190374454
0.0190918064
0.0191462326
0.0192007241
0.019255281
0.0193099033
0.0193645911
0.0194193445
0.0194741636
0.0195290484
0.0195839991
0.0196390157
0.0196940983
0.0197492469
0.0198044617
0.0198597428
0.0199150901
0.0199705038
0.020025984
0.0200815308
0.0201371441
0.0201928242
0.0202485711
0.0203043848
0.0203602655
0.0204162132
0.0204722281
0.0205283101
0.0205844593
0.020640676
0.02069696
0.0207533116
0.0208097308
0.0208662176
0.0209227722
0.0209793947
0.021036085
0.0210928434
0.0211496698
0.0212065644
0.0212635273
0.0213205584
0.021377658
0.0214348261
0.0214920627
0.021549368
0.021606742
0.0216641849
0.0217216966
0.0217792774
0.0218369272
0.0218946461
0.0219524343
0.0220102918
0.0220682187
0.0221262151
0.0221842811
0.0222424167
0.022300622
0.0223588972
0.0224172422
0.0224756573
0.0225341424
0.0225926976
0.0226513231
0.022710019
0.0227687852
0.0228276219
0.0228865292
0.0229455071
0.0230045558
0.0230636753
0.0231228657
0.0231821272
0.0232414597
0.0233008634
0.0233603383
0.0234198846
0.0234795023
0.0235391915
0.0235989523
0.0236587848
0.023718689
0.0237786652
0.0238387132
0.0238988333
0.0239590255
0.0240192899
0.0240796266
0.0241400356
0.0242005171
0.0242610712
0.0243216979
0.0243823973
0.0244431695
0.0245040147
0.0245649328
0.0246259239
0.0246869883
0.0247481258
0.0248093368
0.0248706211
0.0249319789
0.0249934104
0.0250549155
0.0251164944
0.0251781472
0.0252398739
0.0253016747
0.0253635496
0.0254254987
0.0254875221
0.0255496199
0.0256117922
0.0256740391
0.0257363606
0.0257987569
0.025861228
0.0259237741
0.0259863952
0.0260490914
0.0261118628
0.0261747095
0.0262376316
0.0263006292
0.0263637023
0.0264268511
0.0264900756
0.026553376
0.0266167523
0.0266802046
0.026743733
0.0268073376
0.0268710186
0.0269347759
0.0269986097
0.02706252
0.027126507
0.0271905708
0.0272547114
0.0273189289
0.0273832235
0.0274475952
0.0275120441
0.0275765703
0.0276411739
0.027705855
0.0277706137
0.02783545
0.0279003642
0.0279653562
0.0280304261
0.0280955741
0.0281608003
0.0282261047
0.0282914874
0.0283569485
0.0284224882
0.0284881065
0.0285538035
0.0286195792
0.0286854339
0.0287513676
0.0288173804
0.0288834723
0.0289496436
0.0290158942
0.0290822242
0.0291486339
0.0292151231
0.0292816922
0.0293483411
0.0294150699
0.0294818788
0.0295487678
0.029615737
0.0296827866
0.0297499166
0.0298171271
0.0298844182
0.0299517901
0.0300192427
0.0300867763
0.0301543909
0.0302220866
0.0302898635
0.0303577216
0.0304256612
0.0304936823
0.0305617849
0.0306299693
0.0306982354
0.0307665834
0.0308350134
0.0309035255
0.0309721198
0.0310407963
0.0311095552
0.0311783966
0.0312473206
0.0313163272
0.0313854167
0.0314545889
0.0315238442
0.0315931825
0.031662604
0.0317321088
0.0318016969
0.0318713685
0.0319411237
0.0320109626
0.0320808852
0.0321508917
0.0322209822
0.0322911567
0.0323614154
0.0324317584
0.0325021858
0.0325726976
0.032643294
0.0327139751
0.032784741
0.0328555918
0.0329265275
0.0329975483
0.0330686544
0.0331398457
0.0332111224
0.0332824846
0.0333539324
0.0334254659
0.0334970852
0.0335687904
0.0336405816
0.033712459
0.0337844225
0.0338564724
0.0339286087
0.0340008315
0.034073141
0.0341455372
0.0342180202
0.0342905902
0.0343632472
0.0344359913
0.0345088228
0.0345817416
0.0346547478
0.0347278416
0.0348010231
0.0348742924
0.0349476496
0.0350210947
0.035094628
0.0351682494
0.0352419592
0.0353157573
0.035389644
0.0354636194
0.0355376834
0.0356118363
0.0356860782
0.035760409
0.0358348291
0.0359093384
0.0359839371
0.0360586253
0.036133403
0.0362082705
0.0362832277
0.0363582749
0.0364334121
0.0365086394
0.0365839569
0.0366593648
0.0367348632
0.0368104521
0.0368861316
0.036961902
0.0370377632
0.0371137154
0.0371897588
0.0372658933
0.0373421192
0.0374184365
0.0374948453
0.0375713458
0.0376479381
0.0377246222
0.0378013983
0.0378782665
0.0379552269
0.0380322796
0.0381094248
0.0381866624
0.0382639928
0.0383414158
0.0384189318
0.0384965407
0.0385742427
0.0386520379
0.0387299265
0.0388079084
0.0388859839
0.0389641531
0.039042416
0.0391207728
0.0391992236
0.0392777684
0.0393564075
0.039435141
0.0395139688
0.0395928912
0.0396719083
0.0397510202
0.0398302269
0.0399095287
0.0399889256
0.0400684177
0.0401480052
0.0402276881
0.0403074666
0.0403873408
0.0404673108
0.0405473768
0.0406275387
0.0407077969
0.0407881513
0.0408686021
0.0409491493
0.0410297932
0.0411105339
0.0411913713
0.0412723058
0.0413533373
0.041434466
0.0415156921
0.0415970155
0.0416784365
0.0417599552
0.0418415717
0.041923286
0.0420050984
0.0420870089
0.0421690176
0.0422511247
0.0423333304
0.0424156346
0.0424980375
0.0425805393
0.04266314
0.0427458398
0.0428286388
0.0429115372
0.0429945349
0.0430776323
0.0431608293
0.0432441261
0.0433275228
0.0434110195
0.0434946164
0.0435783136
0.0436621111
0.0437460092
0.0438300079
0.0439141074
0.0439983077
0.044082609
0.0441670115
0.0442515152
0.0443361202
0.0444208268
0.0445056349
0.0445905448
0.0446755565
0.0447606702
0.044845886
0.044931204
0.0450166243
0.0451021471
0.0451877725
0.0452735006
0.0453593315
0.0454452654
0.0455313024
0.0456174425
0.045703686
0.0457900329
0.0458764834
0.0459630376
0.0460496956
0.0461364576
0.0462233236
0.0463102938
0.0463973684
0.0464845474
0.0465718309
0.0466592192
0.0467467123
0.0468343103
0.0469220134
0.0470098217
0.0470977353
0.0471857544
0.047273879
0.0473621094
0.0474504456
0.0475388877
0.047627436
0.0477160904
0.0478048512
0.0478937184
0.0479826923
0.0480717729
0.0481609603
0.0482502547
0.0483396562
0.0484291649
0.0485187811
0.0486085047
0.0486983359
0.0487882749
0.0488783217
0.0489684766
0.0490587396
0.0491491109
0.0492395906
0.0493301788
0.0494208757
0.0495116813
0.0496025959
0.0496936195
0.0497847524
0.0498759945
0.0499673461
0.0500588072
0.0501503781
0.0502420588
0.0503338494
0.0504257502
0.0505177612
0.0506098826
0.0507021144
0.0507944569
0.0508869102
0.0509794743
0.0510721495
0.0511649359
0.0512578335
0.0513508426
0.0514439632
0.0515371955
0.0516305397
0.0517239959
0.0518175641
0.0519112446
0.0520050374
0.0520989427
0.0521929607
0.0522870915
0.0523813351
0.0524756918
0.0525701617
0.0526647449
0.0527594416
0.0528542518
0.0529491758
0.0530442136
0.0531393654
0.0532346314
0.0533300116
0.0534255062
0.0535211154
0.0536168393
0.053712678
0.0538086316
0.0539047004
0.0540008843
0.0540971837
0.0541935985
0.054290129
0.0543867753
0.0544835375
0.0545804158
0.0546774103
0.0547745211
0.0548717484
0.0549690923
0.055066553
0.0551641306
0.0552618253
0.0553596371
0.0554575663
0.0555556129
0.0556537771
0.0557520591
0.0558504589
0.0559489768
0.0560476129
0.0561463673
0.0562452401
0.0563442315
0.0564433417
0.0565425707
0.0566419188
0.056741386
0.0568409726
0.0569406786
0.0570405042
0.0571404495
0.0572405148
0.0573407
0.0574410054
0.0575414312
0.0576419774
0.0577426442
0.0578434317
0.0579443402
0.0580453696
0.0581465203
0.0582477923
0.0583491858
0.0584507009
0.0585523377
0.0586540965
0.0587559773
0.0588579803
0.0589601057
0.0590623536
0.0591647241
0.0592672175
0.0593698337
0.0594725731
0.0595754357
0.0596784216
0.0597815311
0.0598847643
0.0599881213
0.0600916023
0.0601952074
0.0602989368
0.0604027906
0.0605067689
0.060610872
0.0607151
0.060819453
0.0609239311
0.0610285346
0.0611332635
0.0612381181
0.0613430985
0.0614482047
0.061553437
0.0616587956
0.0617642806
0.061869892
0.0619756302
0.0620814951
0.0621874871
0.0622936062
0.0623998526
0.0625062264
0.0626127278
0.062719357
0.0628261141
0.0629329992
0.0630400125
0.0631471543
0.0632544245
0.0633618233
0.063469351
0.0635770077
0.0636847935
0.0637927087
0.0639007532
0.0640089273
0.0641172312
0.0642256651
0.0643342289
0.064442923
0.0645517475
0.0646607025
0.0647697882
0.0648790048
0.0649883523
0.065097831
0.0652074411
0.0653171826
0.0654270557
0.0655370606
0.0656471975
0.0657574665
0.0658678678
0.0659784015
0.0660890677
0.0661998667
0.0663107987
0.0664218636
0.0665330618
0.0666443934
0.0667558585
0.0668674573
0.06697919
0.0670910567
0.0672030576
0.0673151928
0.0674274626
0.067539867
0.0676524062
0.0677650804
0.0678778898
0.0679908345
0.0681039147
0.0682171305
0.0683304821
0.0684439696
0.0685575933
0.0686713533
0.0687852498
0.0688992828
0.0690134527
0.0691277594
0.0692422033
0.0693567845
0.0694715031
0.0695863593
0.0697013533
0.0698164852
0.0699317552
0.0700471635
0.0701627102
0.0702783955
0.0703942196
0.0705101826
0.0706262847
0.0707425261
0.0708589069
0.0709754273
0.0710920874
0.0712088875
0.0713258277
0.0714429082
0.0715601291
0.0716774906
0.0717949928
0.0719126361
0.0720304204
0.072148346
0.0722664131
0.0723846217
0.0725029722
0.0726214646
0.0727400992
0.0728588761
0.0729777954
0.0730968574
0.0732160622
0.07333541
0.0734549009
0.0735745352
0.0736943129
0.0738142344
0.0739342996
0.0740545089
0.0741748624
0.0742953603
0.0744160027
0.0745367898
0.0746577217
0.0747787988
0.074900021
0.0750213887
0.075142902
0.075264561
0.0753863659
0.0755083169
0.0756304143
0.075752658
0.0758750484
0.0759975856
0.0761202698
0.0762431012
0.0763660799
0.0764892061
0.07661248
0.0767359017
0.0768594715
0.0769831895
0.0771070559
0.0772310709
0.0773552347
0.0774795474
0.0776040091
0.0777286202
0.0778533808
0.077978291
0.078103351
0.078228561
0.0783539213
0.0784794319
0.078605093
0.0787309049
0.0788568677
0.0789829815
0.0791092467
0.0792356633
0.0793622315
0.0794889516
0.0796158236
0.0797428479
0.0798700245
0.0799973536
0.0801248355
0.0802524703
0.0803802582
0.0805081994
0.080636294
0.0807645423
0.0808929444
0.0810215005
0.0811502108
0.0812790756
0.0814080949
0.0815372689
0.0816665979
0.081796082
0.0819257215
0.0820555164
0.082185467
0.0823155735
0.0824458361
0.0825762549
0.0827068301
0.082837562
0.0829684507
0.0830994964
0.0832306993
0.0833620595
0.0834935773
0.0836252529
0.0837570864
0.083889078
0.084021228
0.0841535365
0.0842860037
0.0844186297
0.0845514149
0.0846843593
0.0848174632
0.0849507268
0.0850841502
0.0852177336
0.0853514773
0.0854853814
0.0856194462
0.0857536717
0.0858880582
0.0860226059
0.086157315
0.0862921858
0.0864272182
0.0865624127
0.0866977693
0.0868332882
0.0869689698
0.087104814
0.0872408212
0.0873769916
0.0875133253
0.0876498225
0.0877864835
0.0879233083
0.0880602973
0.0881974506
0.0883347685
0.088472251
0.0886098984
0.088747711
0.0888856888
0.0890238322
0.0891621412
0.0893006162
0.0894392573
0.0895780646
0.0897170385
0.089856179
0.0899954865
0.090134961
0.0902746029
0.0904144122
0.0905543893
0.0906945342
0.0908348473
0.0909753286
0.0911159785
0.0912567971
0.0913977846
0.0915389412
0.0916802671
0.0918217625
0.0919634277
0.0921052627
0.0922472679
0.0923894435
0.0925317896
0.0926743064
0.0928169942
0.0929598531
0.0931028834
0.0932460852
0.0933894588
0.0935330044
0.0936767222
0.0938206124
0.0939646751
0.0941089107
0.0942533192
0.094397901
0.0945426562
0.0946875851
0.0948326878
0.0949779645
0.0951234155
0.0952690409
0.0954148411
0.0955608161
0.0957069662
0.0958532916
0.0959997926
0.0961464692
0.0962933218
0.0964403506
0.0965875557
0.0967349373
0.0968824958
0.0970302313
0.0971781439
0.097326234
0.0974745017
0.0976229473
0.0977715709
0.0979203728
0.0980693532
0.0982185123
0.0983678503
0.0985173674
0.0986670639
0.0988169399
0.0989669957
0.0991172315
0.0992676475
0.099418244
0.099569021
0.0997199789
0.0998711179
0.100022438
0.10017394
0.100325624
0.100477489
0.100629537
0.100781767
0.100934179
0.101086775
0.101239553
0.101392515
0.10154566
0.101698989
0.101852502
0.102006199
0.10216008
0.102314146
0.102468396
0.102622832
0.102777453
0.102932259
0.103087252
0.10324243
0.103397794
0.103553344
0.103709081
0.103865005
0.104021116
0.104177414
0.1043339
0.104490573
0.104647435
0.104804484
0.104961722
0.105119148
0.105276763
0.105434568
0.105592561
0.105750744
0.105909117
0.10606768
0.106226433
0.106385377
0.106544511
0.106703836
0.106863352
0.107023059
0.107182958
0.107343049
0.107503332
0.107663807
0.107824474
0.107985335
0.108146388
0.108307634
0.108469074
0.108630707
0.108792535
0.108954556
0.109116772
0.109279182
0.109441787
0.109604588
0.109767583
0.109930774
0.110094161
0.110257744
0.110421523
0.110585498
0.11074967
0.110914039
0.111078605
0.111243369
0.11140833
0.111573489
0.111738846
0.111904402
0.112070156
0.112236109
0.112402261
0.112568612
0.112735163
0.112901914
0.113068864
0.113236015
0.113403366
0.113570918
0.113738672
0.113906626
0.114074782
0.114243139
0.114411698
0.11458046
0.114749424
0.114918591
0.11508796
0.115257533
0.115427309
0.115597289
0.115767473
0.115937861
0.116108453
0.11627925
0.116450251
0.116621458
0.11679287
0.116964488
0.117136312
0.117308341
0.117480577
0.11765302
0.11782567
0.117998526
0.11817159
0.118344862
0.118518341
0.118692029
0.118865924
0.119040029
0.119214342
0.119388864
0.119563596
0.119738537
0.119913688
0.12008905
0.120264621
0.120440403
0.120616396
0.1207926
0.120969016
0.121145643
0.121322481
0.121499532
0.121676796
0.121854272
0.122031961
0.122209863
0.122387978
0.122566307
0.12274485
0.122923607
0.123102579
0.123281765
0.123461166
0.123640783
0.123820614
0.124000662
0.124180925
0.124361405
0.124542101
0.124723014
0.124904144
0.125085491
0.125267056
0.125448838
0.125630839
0.125813058
0.125995495
0.126178151
0.126361027
0.126544121
0.126727436
0.12691097
0.127094724
0.127278699
0.127462895
0.127647311
0.127831948
0.128016808
0.128201888
0.128387191
0.128572716
0.128758464
0.128944434
0.129130628
0.129317045
0.129503685
0.129690549
0.129877638
0.13006495
0.130252488
0.13044025
0.130628238
0.130816451
0.13100489
0.131193555
0.131382447
0.131571564
0.131760909
0.131950481
0.13214028
0.132330307
0.132520562
0.132711045
0.132901756
0.133092696
0.133283866
0.133475264
0.133666892
0.133858751
0.134050839
0.134243157
0.134435706
0.134628487
0.134821498
0.135014741
0.135208216
0.135401923
0.135595862
0.135790034
0.135984438
0.136179076
0.136373948
0.136569053
0.136764392
0.136959965
0.137155773
0.137351816
0.137548094
0.137744608
0.137941357
0.138138342
0.138335564
0.138533022
0.138730717
0.138928649
0.139126818
0.139325225
0.13952387
0.139722754
0.139921876
0.140121237
0.140320836
0.140520676
0.140720755
0.140921074
0.141121633
0.141322433
0.141523474
0.141724756
0.141926279
0.142128044
0.142330051
0.142532301
0.142734793
0.142937528
0.143140506
0.143343727
0.143547193
0.143750902
0.143954856
0.144159054
0.144363497
0.144568186
0.14477312
0.1449783
0.145183726
0.145389398
0.145595317
0.145801483
0.146007896
0.146214557
0.146421466
0.146628623
0.146836029
0.147043683
0.147251586
0.147459739
0.147668142
0.147876794
0.148085697
0.14829485
0.148504254
0.148713909
0.148923816
0.149133975
0.149344385
0.149555048
0.149765964
0.149977133
0.150188555
0.15040023
0.15061216
0.150824344
0.151036782
0.151249475
0.151462423
0.151675627
0.151889086
0.152102801
0.152316773
0.152531002
0.152745487
0.15296023
0.15317523
0.153390488
0.153606004
0.153821779
0.154037813
0.154254105
0.154470658
0.154687469
0.154904541
0.155121874
0.155339467
0.155557321
0.155775436
0.155993813
0.156212452
0.156431354
0.156650517
0.156869944
0.157089634
0.157309587
0.157529805
0.157750286
0.157971032
0.158192042
0.158413318
0.158634859
0.158856666
0.159078739
0.159301078
0.159523684
0.159746557
0.159969698
0.160193106
0.160416782
0.160640726
0.160864939
0.161089421
0.161314172
0.161539193
0.161764483
0.161990044
0.162215875
0.162441978
0.162668351
0.162894996
0.163121913
0.163349102
0.163576564
0.163804298
0.164032306
0.164260587
0.164489142
0.164717971
0.164947074
0.165176453
0.165406106
0.165636035
0.16586624
0.166096721
0.166327478
0.166558512
0.166789823
0.167021412
0.167253278
0.167485423
0.167717846
0.167950548
0.168183529
0.168416789
0.168650329
0.16888415
0.16911825
0.169352632
0.169587295
0.169822239
0.170057465
0.170292973
0.170528764
0.170764837
0.171001194
0.171237834
0.171474758
0.171711967
0.171949459
0.172187237
0.1724253
0.172663648
0.172902283
0.173141203
0.17338041
0.173619904
0.173859685
0.174099754
0.174340111
0.174580756
0.17482169
0.175062913
0.175304425
0.175546227
0.175788319
0.176030701
0.176273374
0.176516339
0.176759594
0.177003142
0.177246981
0.177491113
0.177735538
0.177980256
0.178225267
0.178470573
0.178716172
0.178962067
0.179208256
0.17945474
0.17970152
0.179948596
0.180195969
0.180443638
0.180691604
0.180939868
0.18118843
0.181437289
0.181686448
0.181935905
0.182185661
0.182435717
0.182686073
0.182936729
0.183187686
0.183438943
0.183690502
0.183942363
0.184194526
0.184446992
0.18469976
0.184952832
0.185206207
0.185459886
0.185713869
0.185968157
0.18622275
0.186477648
0.186732852
0.186988362
0.187244179
0.187500302
0.187756733
0.188013471
0.188270518
0.188527872
0.188785536
0.189043508
0.18930179
0.189560381
0.189819283
0.190078495
0.190338019
0.190597853
0.190857999
0.191118458
0.191379228
0.191640312
0.191901708
0.192163419
0.192425443
0.192687781
0.192950434
0.193213402
0.193476686
0.193740285
0.194004201
0.194268433
0.194532982
0.194797848
0.195063032
0.195328534
0.195594355
0.195860494
0.196126953
0.196393731
0.19666083
0.196928249
0.197195988
0.197464049
0.197732431
0.198001135
0.198270161
0.19853951
0.198809182
0.199079178
0.199349497
0.199620141
0.19989111
0.200162403
0.200434022
0.200705966
0.200978237
0.201250835
0.201523759
0.201797011
0.20207059
0.202344498
0.202618734
0.202893299
0.203168194
0.203443418
0.203718972
0.203994857
0.204271073
0.20454762
0.204824499
0.20510171
0.205379253
0.20565713
0.205935339
0.206213883
0.20649276
0.206771972
0.207051519
0.207331401
0.207611619
0.207892173
0.208173064
0.208454291
0.208735856
0.209017759
0.2093
0.209582579
0.209865497
0.210148755
0.210432352
0.21071629
0.211000568
0.211285187
0.211570147
0.211855449
0.212141094
0.212427081
0.212713411
0.213000085
0.213287102
0.213574464
0.213862171
0.214150222
0.214438619
0.214727362
0.215016452
0.215305888
0.215595671
0.215885802
0.216176281
0.216467108
0.216758284
0.21704981
0.217341685
0.21763391
0.217926486
0.218219412
0.21851269
0.21880632
0.219100302
0.219394637
0.219689324
0.219984366
0.220279761
0.22057551
0.220871614
0.221168074
0.221464888
0.221762059
0.222059587
0.222357471
0.222655713
0.222954312
0.22325327
0.223552586
0.223852261
0.224152295
0.22445269
0.224753445
0.22505456
0.225356037
0.225657875
0.225960076
0.226262638
0.226565564
0.226868853
0.227172506
0.227476524
0.227780905
0.228085652
0.228390765
0.228696243
0.229002088
0.2293083
0.229614879
0.229921826
0.230229141
0.230536824
0.230844877
0.231153299
0.231462091
0.231771254
0.232080787
0.232390692
0.232700968
0.233011617
0.233322638
0.233634032
0.2339458
0.234257941
0.234570457
0.234883349
0.235196615
0.235510257
0.235824275
0.23613867
0.236453442
0.236768592
0.237084119
0.237400025
0.23771631
0.238032975
0.238350019
0.238667443
0.238985249
0.239303435
0.239622003
0.239940953
0.240260286
0.240580002
0.240900101
0.241220585
0.241541453
0.241862705
0.242184343
0.242506367
0.242828777
0.243151574
0.243474758
0.243798329
0.244122289
0.244446637
0.244771374
0.245096501
0.245422018
0.245747926
0.246074224
0.246400913
0.246727995
0.247055469
0.247383335
0.247711595
0.248040249
0.248369297
0.248698739
0.249028577
0.24935881
0.24968944
0.250020466
0.250351889
0.25068371
0.251015928
0.251348545
0.251681562
0.252014977
0.252348793
0.252683009
0.253017625
0.253352643
0.253688064
0.254023886
0.254360111
0.25469674
0.255033772
0.255371208
0.25570905
0.256047296
0.256385948
0.256725007
0.257064472
0.257404344
0.257744624
0.258085312
0.258426409
0.258767915
0.259109831
0.259452157
0.259794893
0.26013804
0.260481599
0.260825571
0.261169954
0.261514751
0.261859962
0.262205586
0.262551625
0.262898079
0.263244949
0.263592235
0.263939937
0.264288056
0.264636593
0.264985548
0.265334922
0.265684715
0.266034927
0.266385559
0.266736612
0.267088086
0.267439982
0.267792299
0.26814504
0.268498203
0.26885179
0.269205801
0.269560237
0.269915098
0.270270384
0.270626097
0.270982236
0.271338803
0.271695797
0.27205322
0.272411071
0.272769351
0.273128062
0.273487202
0.273846773
0.274206776
0.27456721
0.274928077
0.275289377
0.27565111
0.276013276
0.276375878
0.276738914
0.277102385
0.277466293
0.277830637
0.278195418
0.278560637
0.278926294
0.279292389
0.279658924
0.280025898
0.280393312
0.280761167
0.281129464
0.281498202
0.281867382
0.282237005
0.282607072
0.282977582
0.283348537
0.283719937
0.284091782
0.284464074
0.284836812
0.285209997
0.285583629
0.28595771
0.28633224
0.286707219
0.287082647
0.287458526
0.287834856
0.288211637
0.28858887
0.288966555
0.289344694
0.289723286
0.290102333
0.290481834
0.29086179
0.291242202
0.29162307
0.292004395
0.292386177
0.292768418
0.293151117
0.293534275
0.293917892
0.29430197
0.294686508
0.295071508
0.295456969
0.295842893
0.29622928
0.29661613
0.297003444
0.297391223
0.297779467
0.298168176
0.298557352
0.298946995
0.299337105
0.299727683
0.30011873
0.300510245
0.30090223
0.301294686
0.301687612
0.302081009
0.302474878
0.30286922
0.303264035
0.303659323
0.304055086
0.304451323
0.304848035
0.305245223
0.305642888
0.30604103
0.306439649
0.306838747
0.307238323
0.307638378
0.308038913
0.308439929
0.308841426
0.309243404
0.309645865
0.310048808
0.310452235
0.310856145
0.31126054
0.31166542
0.312070786
0.312476638
0.312882977
0.313289803
0.313697117
0.314104919
0.314513211
0.314921993
0.315331265
0.315741028
0.316151282
0.316562028
0.316973268
0.317385
0.317797226
0.318209947
0.318623163
0.319036874
0.319451082
0.319865786
0.320280988
0.320696688
0.321112887
0.321529585
0.321946783
0.322364481
0.32278268
0.323201381
0.323620584
0.324040289
0.324460499
0.324881212
0.32530243
0.325724153
0.326146382
0.326569117
0.32699236
0.32741611
0.327840369
0.328265136
0.328690413
0.3291162
0.329542498
0.329969307
0.330396628
0.330824462
0.331252808
0.331681669
0.332111044
0.332540934
0.33297134
0.333402262
0.3338337
0.334265657
0.334698131
0.335131124
0.335564637
0.33599867
0.336433223
0.336868297
0.337303894
0.337740012
0.338176654
0.33861382
0.33905151
0.339489725
0.339928466
0.340367733
0.340807527
0.341247848
0.341688698
0.342130076
0.342571984
0.343014422
0.34345739
0.34390089
0.344344922
0.344789486
0.345234584
0.345680216
0.346126382
0.346573083
0.34702032
0.347468094
0.347916405
0.348365253
0.34881464
0.349264566
0.349715031
0.350166037
0.350617584
0.351069672
0.351522303
0.351975477
0.352429194
0.352883456
0.353338262
0.353793614
0.354249512
0.354705957
0.355162949
0.35562049
0.356078579
0.356537218
0.356996407
0.357456147
0.357916438
0.358377282
0.358838678
0.359300628
0.359763131
0.36022619
0.360689804
0.361153974
0.3616187
0.362083985
0.362549827
0.363016228
0.363483189
0.363950709
0.364418791
0.364887434
0.365356639
0.365826406
0.366296738
0.366767633
0.367239094
0.367711119
0.368183711
0.36865687
0.369130597
0.369604891
0.370079755
0.370555188
0.371031192
0.371507766
0.371984912
0.37246263
0.372940922
0.373419787
0.373899227
0.374379241
0.374859831
0.375340998
0.375822742
0.376305064
0.376787965
0.377271444
0.377755504
0.378240144
0.378725365
0.379211169
0.379697555
0.380184525
0.380672078
0.381160217
0.381648941
0.382138252
0.382628149
0.383118634
0.383609707
0.384101369
0.384593621
0.385086463
0.385579897
0.386073922
0.386568541
0.387063752
0.387559557
0.388055957
0.388552953
0.389050544
0.389548733
0.390047519
0.390546903
0.391046886
0.39154747
0.392048653
0.392550438
0.393052824
0.393555813
0.394059406
0.394563603
0.395068404
0.395573811
0.396079824
0.396586444
0.397093672
0.397601508
0.398109953
0.398619008
0.399128674
0.399638951
0.40014984
0.400661342
0.401173458
0.401686187
0.402199532
0.402713493
0.40322807
0.403743264
0.404259076
0.404775507
0.405292558
0.405810228
0.40632852
0.406847433
0.407366969
0.407887128
0.408407911
0.408929318
0.409451351
0.40997401
0.410497296
0.41102121
0.411545752
0.412070923
0.412596724
0.413123156
0.413650219
0.414177915
0.414706244
0.415235206
0.415764803
0.416295035
0.416825903
0.417357407
0.41788955
0.41842233
0.41895575
0.419489809
0.420024509
0.420559851
0.421095835
0.421632461
0.422169731
0.422707646
0.423246206
0.423785412
0.424325264
0.424865765
0.425406913
0.425948711
0.426491158
0.427034256
0.427578006
0.428122408
0.428667463
0.429213171
0.429759534
0.430306553
0.430854228
0.431402559
0.431951549
0.432501196
0.433051504
0.433602471
0.434154099
0.434706389
0.435259341
0.435812956
0.436367236
0.43692218
0.437477791
0.438034067
0.438591011
0.439148623
0.439706903
0.440265854
0.440825474
0.441385767
0.441946731
0.442508368
0.443070678
0.443633663
0.444197324
0.44476166
0.445326674
0.445892365
0.446458735
0.447025784
0.447593513
0.448161923
0.448731015
0.44930079
0.449871248
0.450442391
0.451014218
0.451586731
0.452159931
0.452733819
0.453308395
0.45388366
0.454459616
0.455036262
0.455613599
0.45619163
0.456770353
0.457349771
0.457929884
0.458510693
0.459092198
0.459674401
0.460257302
0.460840902
0.461425202
0.462010204
0.462595907
0.463182312
0.463769421
0.464357234
0.464945752
0.465534976
0.466124907
0.466715546
0.467306893
0.467898949
0.468491716
0.469085193
0.469679382
0.470274284
0.4708699
0.47146623
0.472063275
0.472661037
0.473259515
0.473858712
0.474458627
0.475059262
0.475660617
0.476262693
0.476865492
0.477469014
0.478073259
0.47867823
0.479283926
0.479890349
0.480497499
0.481105377
0.481713984
0.482323322
0.48293339
0.48354419
0.484155723
0.484767989
0.48538099
0.485994726
0.486609198
0.487224407
0.487840355
0.488457041
0.489074466
0.489692633
0.49031154
0.49093119
0.491551584
0.492172721
0.492794604
0.493417233
0.494040608
0.494664731
0.495289603
0.495915224
0.496541596
0.497168719
0.497796594
0.498425223
0.499054605
0.499684742
0.5001
0.5003
0.5005
0.5007
0.5009
0.5011
0.5013
0.5015
0.5017
0.5019
0.5021
0.5023
0.5025
0.5027
0.5029
0.5031
0.5033
0.5035
0.5037
0.5039
0.5041
0.5043
0.5045
0.5047
0.5049
0.5051
0.5053
0.5055
0.5057
0.5059
0.5061
0.5063
0.5065
0.5067
0.5069
0.5071
0.5073
0.5075
0.5077
0.5079
0.5081
0.5083
0.5085
0.5087
0.5089
0.5091
0.5093
0.5095
0.5097
0.5099
0.5101
0.5103
0.5105
0.5107
0.5109
0.5111
0.5113
0.5115
0.5117
0.5119
0.5121
0.5123
0.5125
0.5127
0.5129
0.5131
0.5133
0.5135
0.5137
0.5139
0.5141
0.5143
0.5145
0.5147
0.5149
0.5151
0.5153
0.5155
0.5157
0.5159
0.5161
0.5163
0.5165
0.5167
0.5169
0.5171
0.5173
0.5175
0.5177
0.5179
0.5181
0.5183
0.5185
0.5187
0.5189
0.5191
0.5193
0.5195
0.5197
0.5199
0.5201
0.5203
0.5205
0.5207
0.5209
0.5211
0.5213
0.5215
0.5217
0.5219
0.5221
0.5223
0.5225
0.5227
0.5229
0.5231
0.5233
0.5235
0.5237
0.5239
0.5241
0.5243
0.5245
0.5247
0.5249
0.5251
0.5253
0.5255
0.5257
0.5259
0.5261
0.5263
0.5265
0.5267
0.5269
0.5271
0.5273
0.5275
0.5277
0.5279
0.5281
0.5283
0.5285
0.5287
0.5289
0.5291
0.5293
0.5295
0.5297
0.5299
0.5301
0.5303
0.5305
0.5307
0.5309
0.5311
0.5313
0.5315
0.5317
0.5319
0.5321
0.5323
0.5325
0.5327
0.5329
0.5331
0.5333
0.5335
0.5337
0.5339
0.5341
0.5343
0.5345
0.5347
0.5349
0.5351
0.5353
0.5355
0.5357
0.5359
0.5361
0.5363
0.5365
0.5367
0.5369
0.5371
0.5373
0.5375
0.5377
0.5379
0.5381
0.5383
0.5385
0.5387
0.5389
0.5391
0.5393
0.5395
0.5397
0.5399
0.5401
0.5403
0.5405
0.5407
0.5409
0.5411
0.5413
0.5415
0.5417
0.5419
0.5421
0.5423
0.5425
0.5427
0.5429
0.5431
0.5433
0.5435
0.5437
0.5439
0.5441
0.5443
0.5445
0.5447
0.5449
0.5451
0.5453
0.5455
0.5457
0.5459
0.5461
0.5463
0.5465
0.5467
0.5469
0.5471
0.5473
0.5475
0.5477
0.5479
0.5481
0.5483
0.5485
0.5487
0.5489
0.5491
0.5493
0.5495
0.5497
0.5499
0.5501
0.5503
0.5505
0.5507
0.5509
0.5511
0.5513
0.5515
0.5517
0.5519
0.5521
0.5523
0.5525
0.5527
0.5529
0.5531
0.5533
0.5535
0.5537
0.5539
0.5541
0.5543
0.5545
0.5547
0.5549
0.5551
0.5553
0.5555
0.5557
0.5559
0.5561
0.5563
0.5565
0.5567
0.5569
0.5571
0.5573
0.5575
0.5577
0.5579
0.5581
0.5583
0.5585
0.5587
0.5589
0.5591
0.5593
0.5595
0.5597
0.5599
0.5601
0.5603
0.5605
0.5607
0.5609
0.5611
0.5613
0.5615
0.5617
0.5619
0.5621
0.5623
0.5625
0.5627
0.5629
0.5631
0.5633
0.5635
0.5637
0.5639
0.5641
0.5643
0.5645
0.5647
0.5649
0.5651
0.5653
0.5655
0.5657
0.5659
0.5661
0.5663
0.5665
0.5667
0.5669
0.5671
0.5673
0.5675
0.5677
0.5679
0.5681
0.5683
0.5685
0.5687
0.5689
0.5691
0.5693
0.5695
0.5697
0.5699
0.5701
0.5703
0.5705
0.5707
0.5709
0.5711
0.5713
0.5715
0.5717
0.5719
0.5721
0.5723
0.5725
0.5727
0.5729
0.5731
0.5733
0.5735
0.5737
0.5739
0.5741
0.5743
0.5745
0.5747
0.5749
0.5751
0.5753
0.5755
0.5757
0.5759
0.5761
0.5763
0.5765
0.5767
0.5769
0.5771
0.5773
0.5775
0.5777
0.5779
0.5781
0.5783
0.5785
0.5787
0.5789
0.5791
0.5793
0.5795
0.5797
0.5799
0.5801
0.5803
0.5805
0.5807
0.5809
0.5811
0.5813
0.5815
0.5817
0.5819
0.5821
0.5823
0.5825
0.5827
0.5829
0.5831
0.5833
0.5835
0.5837
0.5839
0.5841
0.5843
0.5845
0.5847
0.5849
0.5851
0.5853
0.5855
0.5857
0.5859
0.5861
0.5863
0.5865
0.5867
0.5869
0.5871
0.5873
0.5875
0.5877
0.5879
0.5881
0.5883
0.5885
0.5887
0.5889
0.5891
0.5893
0.5895
0.5897
0.5899
0.5901
0.5903
0.5905
0.5907
0.5909
0.5911
0.5913
0.5915
0.5917
0.5919
0.5921
0.5923
0.5925
0.5927
0.5929
0.5931
0.5933
0.5935
0.5937
0.5939
0.5941
0.5943
0.5945
0.5947
0.5949
0.5951
0.5953
0.5955
0.5957
0.5959
0.5961
0.5963
0.5965
0.5967
0.5969
0.5971
0.5973
0.5975
0.5977
0.5979
0.5981
0.5983
0.5985
0.5987
0.5989
0.5991
0.5993
0.5995
0.5997
0.5999
0.6001
0.6003
0.6005
0.6007
0.6009
0.6011
0.6013
0.6015
0.6017
0.6019
0.6021
0.6023
0.6025
0.6027
0.6029
0.6031
0.6033
0.6035
0.6037
0.6039
0.6041
0.6043
0.6045
0.6047
0.6049
0.6051
0.6053
0.6055
0.6057
0.6059
0.6061
0.6063
0.6065
0.6067
0.6069
0.6071
0.6073
0.6075
0.6077
0.6079
0.6081
0.6083
0.6085
0.6087
0.6089
0.6091
0.6093
0.6095
0.6097
0.6099
0.6101
0.6103
0.6105
0.6107
0.6109
0.6111
0.6113
0.6115
0.6117
0.6119
0.6121
0.6123
0.6125
0.6127
0.6129
0.6131
0.6133
0.6135
0.6137
0.6139
0.6141
0.6143
0.6145
0.6147
0.6149
0.6151
0.6153
0.6155
0.6157
0.6159
0.6161
0.6163
0.6165
0.6167
0.6169
0.6171
0.6173
0.6175
0.6177
0.6179
0.6181
0.6183
0.6185
0.6187
0.6189
0.6191
0.6193
0.6195
0.6197
0.6199
0.6201
0.6203
0.6205
0.6207
0.6209
0.6211
0.6213
0.6215
0.6217
0.6219
0.6221
0.6223
0.6225
0.6227
0.6229
0.6231
0.6233
0.6235
0.6237
0.6239
0.6241
0.6243
0.6245
0.6247
0.6249
0.6251
0.6253
0.6255
0.6257
0.6259
0.6261
0.6263
0.6265
0.6267
0.6269
0.6271
0.6273
0.6275
0.6277
0.6279
0.6281
0.6283
0.6285
0.6287
0.6289
0.6291
0.6293
0.6295
0.6297
0.6299
0.6301
0.6303
0.6305
0.6307
0.6309
0.6311
0.6313
0.6315
0.6317
0.6319
0.6321
0.6323
0.6325
0.6327
0.6329
0.6331
0.6333
0.6335
0.6337
0.6339
0.6341
0.6343
0.6345
0.6347
0.6349
0.6351
0.6353
0.6355
0.6357
0.6359
0.6361
0.6363
0.6365
0.6367
0.6369
0.6371
0.6373
0.6375
0.6377
0.6379
0.6381
0.6383
0.6385
0.6387
0.6389
0.6391
0.6393
0.6395
0.6397
0.6399
0.6401
0.6403
0.6405
0.6407
0.6409
0.6411
0.6413
0.6415
0.6417
0.6419
0.6421
0.6423
0.6425
0.6427
0.6429
0.6431
0.6433
0.6435
0.6437
0.6439
0.6441
0.6443
0.6445
0.6447
0.6449
0.6451
0.6453
0.6455
0.6457
0.6459
0.6461
0.6463
0.6465
0.6467
0.6469
0.6471
0.6473
0.6475
0.6477
0.6479
0.6481
0.6483
0.6485
0.6487
0.6489
0.6491
0.6493
0.6495
0.6497
0.6499
0.6501
0.6503
0.6505
0.6507
0.6509
0.6511
0.6513
0.6515
0.6517
0.6519
0.6521
0.6523
0.6525
0.6527
0.6529
0.6531
0.6533
0.6535
0.6537
0.6539
0.6541
0.6543
0.6545
0.6547
0.6549
0.6551
0.6553
0.6555
0.6557
0.6559
0.6561
0.6563
0.6565
0.6567
0.6569
0.6571
0.6573
0.6575
0.6577
0.6579
0.6581
0.6583
0.6585
0.6587
0.6589
0.6591
0.6593
0.6595
0.6597
0.6599
0.6601
0.6603
0.6605
0.6607
0.6609
0.6611
0.6613
0.6615
0.6617
0.6619
0.6621
0.6623
0.6625
0.6627
0.6629
0.6631
0.6633
0.6635
0.6637
0.6639
0.6641
0.6643
0.6645
0.6647
0.6649
0.6651
0.6653
0.6655
0.6657
0.6659
0.6661
0.6663
0.6665
0.6667
0.6669
0.6671
0.6673
0.6675
0.6677
0.6679
0.6681
0.6683
0.6685
0.6687
0.6689
0.6691
0.6693
0.6695
0.6697
0.6699
0.6701
0.6703
0.6705
0.6707
0.6709
0.6711
0.6713
0.6715
0.6717
0.6719
0.6721
0.6723
0.6725
0.6727
0.6729
0.6731
0.6733
0.6735
0.6737
0.6739
0.6741
0.6743
0.6745
0.6747
0.6749
0.6751
0.6753
0.6755
0.6757
0.6759
0.6761
0.6763
0.6765
0.6767
0.6769
0.6771
0.6773
0.6775
0.6777
0.6779
0.6781
0.6783
0.6785
0.6787
0.6789
0.6791
0.6793
0.6795
0.6797
0.6799
0.6801
0.6803
0.6805
0.6807
0.6809
0.6811
0.6813
0.6815
0.6817
0.6819
0.6821
0.6823
0.6825
0.6827
0.6829
0.6831
0.6833
0.6835
0.6837
0.6839
0.6841
0.6843
0.6845
0.6847
0.6849
0.6851
0.6853
0.6855
0.6857
0.6859
0.6861
0.6863
0.6865
0.6867
0.6869
0.6871
0.6873
0.6875
0.6877
0.6879
0.6881
0.6883
0.6885
0.6887
0.6889
0.6891
0.6893
0.6895
0.6897
0.6899
0.6901
0.6903
0.6905
0.6907
0.6909
0.6911
0.6913
0.6915
0.6917
0.6919
0.6921
0.6923
0.6925
0.6927
0.6929
0.6931
0.6933
0.6935
0.6937
0.6939
0.6941
0.6943
0.6945
0.6947
0.6949
0.6951
0.6953
0.6955
0.6957
0.6959
0.6961
0.6963
0.6965
0.6967
0.6969
0.6971
0.6973
0.6975
0.6977
0.6979
0.6981
0.6983
0.6985
0.6987
0.6989
0.6991
0.6993
0.6995
0.6997
0.6999
0.7001
0.7003
0.7005
0.7007
0.7009
0.7011
0.7013
0.7015
0.7017
0.7019
0.7021
0.7023
0.7025
0.7027
0.7029
0.7031
0.7033
0.7035
0.7037
0.7039
0.7041
0.7043
0.7045
0.7047
0.7049
0.7051
0.7053
0.7055
0.7057
0.7059
0.7061
0.7063
0.7065
0.7067
0.7069
0.7071
0.7073
0.7075
0.7077
0.7079
0.7081
0.7083
0.7085
0.7087
0.7089
0.7091
0.7093
0.7095
0.7097
0.7099
0.7101
0.7103
0.7105
0.7107
0.7109
0.7111
0.7113
0.7115
0.7117
0.7119
0.7121
0.7123
0.7125
0.7127
0.7129
0.7131
0.7133
0.7135
0.7137
0.7139
0.7141
0.7143
0.7145
0.7147
0.7149
0.7151
0.7153
0.7155
0.7157
0.7159
0.7161
0.7163
0.7165
0.7167
0.7169
0.7171
0.7173
0.7175
0.7177
0.7179
0.7181
0.7183
0.7185
0.7187
0.7189
0.7191
0.7193
0.7195
0.7197
0.7199
0.7201
0.7203
0.7205
0.7207
0.7209
0.7211
0.7213
0.7215
0.7217
0.7219
0.7221
0.7223
0.7225
0.7227
0.7229
0.7231
0.7233
0.7235
0.7237
0.7239
0.7241
0.7243
0.7245
0.7247
0.7249
0.7251
0.7253
0.7255
0.7257
0.7259
0.7261
0.7263
0.7265
0.7267
0.7269
0.7271
0.7273
0.7275
0.7277
0.7279
0.7281
0.7283
0.7285
0.7287
0.7289
0.7291
0.7293
0.7295
0.7297
0.7299
0.7301
0.7303
0.7305
0.7307
0.7309
0.7311
0.7313
0.7315
0.7317
0.7319
0.7321
0.7323
0.7325
0.7327
0.7329
0.7331
0.7333
0.7335
0.7337
0.7339
0.7341
0.7343
0.7345
0.7347
0.7349
0.7351
0.7353
0.7355
0.7357
0.7359
0.7361
0.7363
0.7365
0.7367
0.7369
0.7371
0.7373
0.7375
0.7377
0.7379
0.7381
0.7383
0.7385
0.7387
0.7389
0.7391
0.7393
0.7395
0.7397
0.7399
0.7401
0.7403
0.7405
0.7407
0.7409
0.7411
0.7413
0.7415
0.7417
0.7419
0.7421
0.7423
0.7425
0.7427
0.7429
0.7431
0.7433
0.7435
0.7437
0.7439
0.7441
0.7443
0.7445
0.7447
0.7449
0.7451
0.7453
0.7455
0.7457
0.7459
0.7461
0.7463
0.7465
0.7467
0.7469
0.7471
0.7473
0.7475
0.7477
0.7479
0.7481
0.7483
0.7485
0.7487
0.7489
0.7491
0.7493
0.7495
0.7497
0.7499
0.7501
0.7503
0.7505
0.7507
0.7509
0.7511
0.7513
0.7515
0.7517
0.7519
0.7521
0.7523
0.7525
0.7527
0.7529
0.7531
0.7533
0.7535
0.7537
0.7539
0.7541
0.7543
0.7545
0.7547
0.7549
0.7551
0.7553
0.7555
0.7557
0.7559
0.7561
0.7563
0.7565
0.7567
0.7569
0.7571
0.7573
0.7575
0.7577
0.7579
0.7581
0.7583
0.7585
0.7587
0.7589
0.7591
0.7593
0.7595
0.7597
0.7599
0.7601
0.7603
0.7605
0.7607
0.7609
0.7611
0.7613
0.7615
0.7617
0.7619
0.7621
0.7623
0.7625
0.7627
0.7629
0.7631
0.7633
0.7635
0.7637
0.7639
0.7641
0.7643
0.7645
0.7647
0.7649
0.7651
0.7653
0.7655
0.7657
0.7659
0.7661
0.7663
0.7665
0.7667
0.7669
0.7671
0.7673
0.7675
0.7677
0.7679
0.7681
0.7683
0.7685
0.7687
0.7689
0.7691
0.7693
0.7695
0.7697
0.7699
0.7701
0.7703
0.7705
0.7707
0.7709
0.7711
0.7713
0.7715
0.7717
0.7719
0.7721
0.7723
0.7725
0.7727
0.7729
0.7731
0.7733
0.7735
0.7737
0.7739
0.7741
0.7743
0.7745
0.7747
0.7749
0.7751
0.7753
0.7755
0.7757
0.7759
0.7761
0.7763
0.7765
0.7767
0.7769
0.7771
0.7773
0.7775
0.7777
0.7779
0.7781
0.7783
0.7785
0.7787
0.7789
0.7791
0.7793
0.7795
0.7797
0.7799
0.7801
0.7803
0.7805
0.7807
0.7809
0.7811
0.7813
0.7815
0.7817
0.7819
0.7821
0.7823
0.7825
0.7827
0.7829
0.7831
0.7833
0.7835
0.7837
0.7839
0.7841
0.7843
0.7845
0.7847
0.7849
0.7851
0.7853
0.7855
0.7857
0.7859
0.7861
0.7863
0.7865
0.7867
0.7869
0.7871
0.7873
0.7875
0.7877
0.7879
0.7881
0.7883
0.7885
0.7887
0.7889
0.7891
0.7893
0.7895
0.7897
0.7899
0.7901
0.7903
0.7905
0.7907
0.7909
0.7911
0.7913
0.7915
0.7917
0.7919
0.7921
0.7923
0.7925
0.7927
0.7929
0.7931
0.7933
0.7935
0.7937
0.7939
0.7941
0.7943
0.7945
0.7947
0.7949
0.7951
0.7953
0.7955
0.7957
0.7959
0.7961
0.7963
0.7965
0.7967
0.7969
0.7971
0.7973
0.7975
0.7977
0.7979
0.7981
0.7983
0.7985
0.7987
0.7989
0.7991
0.7993
0.7995
0.7997
0.7999
0.8001
0.8003
0.8005
0.8007
0.8009
0.8011
0.8013
0.8015
0.8017
0.8019
0.8021
0.8023
0.8025
0.8027
0.8029
0.8031
0.8033
0.8035
0.8037
0.8039
0.8041
0.8043
0.8045
0.8047
0.8049
0.8051
0.8053
0.8055
0.8057
0.8059
0.8061
0.8063
0.8065
0.8067
0.8069
0.8071
0.8073
0.8075
0.8077
0.8079
0.8081
0.8083
0.8085
0.8087
0.8089
0.8091
0.8093
0.8095
0.8097
0.8099
0.8101
0.8103
0.8105
0.8107
0.8109
0.8111
0.8113
0.8115
0.8117
0.8119
0.8121
0.8123
0.8125
0.8127
0.8129
0.8131
0.8133
0.8135
0.8137
0.8139
0.8141
0.8143
0.8145
0.8147
0.8149
0.8151
0.8153
0.8155
0.8157
0.8159
0.8161
0.8163
0.8165
0.8167
0.8169
0.8171
0.8173
0.8175
0.8177
0.8179
0.8181
0.8183
0.8185
0.8187
0.8189
0.8191
0.8193
0.8195
0.8197
0.8199
0.8201
0.8203
0.8205
0.8207
0.8209
0.8211
0.8213
0.8215
0.8217
0.8219
0.8221
0.8223
0.8225
0.8227
0.8229
0.8231
0.8233
0.8235
0.8237
0.8239
0.8241
0.8243
0.8245
0.8247
0.8249
0.8251
0.8253
0.8255
0.8257
0.8259
0.8261
0.8263
0.8265
0.8267
0.8269
0.8271
0.8273
0.8275
0.8277
0.8279
0.8281
0.8283
0.8285
0.8287
0.8289
0.8291
0.8293
0.8295
0.8297
0.8299
0.8301
0.8303
0.8305
0.8307
0.8309
0.8311
0.8313
0.8315
0.8317
0.8319
0.8321
0.8323
0.8325
0.8327
0.8329
0.8331
0.8333
0.8335
0.8337
0.8339
0.8341
0.8343
0.8345
0.8347
0.8349
0.8351
0.8353
0.8355
0.8357
0.8359
0.8361
0.8363
0.8365
0.8367
0.8369
0.8371
0.8373
0.8375
0.8377
0.8379
0.8381
0.8383
0.8385
0.8387
0.8389
0.8391
0.8393
0.8395
0.8397
0.8399
0.8401
0.8403
0.8405
0.8407
0.8409
0.8411
0.8413
0.8415
0.8417
0.8419
0.8421
0.8423
0.8425
0.8427
0.8429
0.8431
0.8433
0.8435
0.8437
0.8439
0.8441
0.8443
0.8445
0.8447
0.8449
0.8451
0.8453
0.8455
0.8457
0.8459
0.8461
0.8463
0.8465
0.8467
0.8469
0.8471
0.8473
0.8475
0.8477
0.8479
0.8481
0.8483
0.8485
0.8487
0.8489
0.8491
0.8493
0.8495
0.8497
0.8499
0.8501
0.8503
0.8505
0.8507
0.8509
0.8511
0.8513
0.8515
0.8517
0.8519
0.8521
0.8523
0.8525
0.8527
0.8529
0.8531
0.8533
0.8535
0.8537
0.8539
0.8541
0.8543
0.8545
0.8547
0.8549
0.8551
0.8553
0.8555
0.8557
0.8559
0.8561
0.8563
0.8565
0.8567
0.8569
0.8571
0.8573
0.8575
0.8577
0.8579
0.8581
0.8583
0.8585
0.8587
0.8589
0.8591
0.8593
0.8595
0.8597
0.8599
0.8601
0.8603
0.8605
0.8607
0.8609
0.8611
0.8613
0.8615
0.8617
0.8619
0.8621
0.8623
0.8625
0.8627
0.8629
0.8631
0.8633
0.8635
0.8637
0.8639
0.8641
0.8643
0.8645
0.8647
0.8649
0.8651
0.8653
0.8655
0.8657
0.8659
0.8661
0.8663
0.8665
0.8667
0.8669
0.8671
0.8673
0.8675
0.8677
0.8679
0.8681
0.8683
0.8685
0.8687
0.8689
0.8691
0.8693
0.8695
0.8697
0.8699
0.8701
0.8703
0.8705
0.8707
0.8709
0.8711
0.8713
0.8715
0.8717
0.8719
0.8721
0.8723
0.8725
0.8727
0.8729
0.8731
0.8733
0.8735
0.8737
0.8739
0.8741
0.8743
0.8745
0.8747
0.8749
0.8751
0.8753
0.8755
0.8757
0.8759
0.8761
0.8763
0.8765
0.8767
0.8769
0.8771
0.8773
0.8775
0.8777
0.8779
0.8781
0.8783
0.8785
0.8787
0.8789
0.8791
0.8793
0.8795
0.8797
0.8799
0.8801
0.8803
0.8805
0.8807
0.8809
0.8811
0.8813
0.8815
0.8817
0.8819
0.8821
0.8823
0.8825
0.8827
0.8829
0.8831
0.8833
0.8835
0.8837
0.8839
0.8841
0.8843
0.8845
0.8847
0.8849
0.8851
0.8853
0.8855
0.8857
0.8859
0.8861
0.8863
0.8865
0.8867
0.8869
0.8871
0.8873
0.8875
0.8877
0.8879
0.8881
0.8883
0.8885
0.8887
0.8889
0.8891
0.8893
0.8895
0.8897
0.8899
0.8901
0.8903
0.8905
0.8907
0.8909
0.8911
0.8913
0.8915
0.8917
0.8919
0.8921
0.8923
0.8925
0.8927
0.8929
0.8931
0.8933
0.8935
0.8937
0.8939
0.8941
0.8943
0.8945
0.8947
0.8949
0.8951
0.8953
0.8955
0.8957
0.8959
0.8961
0.8963
0.8965
0.8967
0.8969
0.8971
0.8973
0.8975
0.8977
0.8979
0.8981
0.8983
0.8985
0.8987
0.8989
0.8991
0.8993
0.8995
0.8997
0.8999
0.9001
0.9003
0.9005
0.9007
0.9009
0.9011
0.9013
0.9015
0.9017
0.9019
0.9021
0.9023
0.9025
0.9027
0.9029
0.9031
0.9033
0.9035
0.9037
0.9039
0.9041
0.9043
0.9045
0.9047
0.9049
0.9051
0.9053
0.9055
0.9057
0.9059
0.9061
0.9063
0.9065
0.9067
0.9069
0.9071
0.9073
0.9075
0.9077
0.9079
0.9081
0.9083
0.9085
0.9087
0.9089
0.9091
0.9093
0.9095
0.9097
0.9099
0.9101
0.9103
0.9105
0.9107
0.9109
0.9111
0.9113
0.9115
0.9117
0.9119
0.9121
0.9123
0.9125
0.9127
0.9129
0.9131
0.9133
0.9135
0.9137
0.9139
0.9141
0.9143
0.9145
0.9147
0.9149
0.9151
0.9153
0.9155
0.9157
0.9159
0.9161
0.9163
0.9165
0.9167
0.9169
0.9171
0.9173
0.9175
0.9177
0.9179
0.9181
0.9183
0.9185
0.9187
0.9189
0.9191
0.9193
0.9195
0.9197
0.9199
0.9201
0.9203
0.9205
0.9207
0.9209
0.9211
0.9213
0.9215
0.9217
0.9219
0.9221
0.9223
0.9225
0.9227
0.9229
0.9231
0.9233
0.9235
0.9237
0.9239
0.9241
0.9243
0.9245
0.9247
0.9249
0.9251
0.9253
0.9255
0.9257
0.9259
0.9261
0.9263
0.9265
0.9267
0.9269
0.9271
0.9273
0.9275
0.9277
0.9279
0.9281
0.9283
0.9285
0.9287
0.9289
0.9291
0.9293
0.9295
0.9297
0.9299
0.9301
0.9303
0.9305
0.9307
0.9309
0.9311
0.9313
0.9315
0.9317
0.9319
0.9321
0.9323
0.9325
0.9327
0.9329
0.9331
0.9333
0.9335
0.9337
0.9339
0.9341
0.9343
0.9345
0.9347
0.9349
0.9351
0.9353
0.9355
0.9357
0.9359
0.9361
0.9363
0.9365
0.9367
0.9369
0.9371
0.9373
0.9375
0.9377
0.9379
0.9381
0.9383
0.9385
0.9387
0.9389
0.9391
0.9393
0.9395
0.9397
0.9399
0.9401
0.9403
0.9405
0.9407
0.9409
0.9411
0.9413
0.9415
0.9417
0.9419
0.9421
0.9423
0.9425
0.9427
0.9429
0.9431
0.9433
0.9435
0.9437
0.9439
0.9441
0.9443
0.9445
0.9447
0.9449
0.9451
0.9453
0.9455
0.9457
0.9459
0.9461
0.9463
0.9465
0.9467
0.9469
0.9471
0.9473
0.9475
0.9477
0.9479
0.9481
0.9483
0.9485
0.9487
0.9489
0.9491
0.9493
0.9495
0.9497
0.9499
0.9501
0.9503
0.9505
0.9507
0.9509
0.9511
0.9513
0.9515
0.9517
0.9519
0.9521
0.9523
0.9525
0.9527
0.9529
0.9531
0.9533
0.9535
0.9537
0.9539
0.9541
0.9543
0.9545
0.9547
0.9549
0.9551
0.9553
0.9555
0.9557
0.9559
0.9561
0.9563
0.9565
0.9567
0.9569
0.9571
0.9573
0.9575
0.9577
0.9579
0.9581
0.9583
0.9585
0.9587
0.9589
0.9591
0.9593
0.9595
0.9597
0.9599
0.9601
0.9603
0.9605
0.9607
0.9609
0.9611
0.9613
0.9615
0.9617
0.9619
0.9621
0.9623
0.9625
0.9627
0.9629
0.9631
0.9633
0.9635
0.9637
0.9639
0.9641
0.9643
0.9645
0.9647
0.9649
0.9651
0.9653
0.9655
0.9657
0.9659
0.9661
0.9663
0.9665
0.9667
0.9669
0.9671
0.9673
0.9675
0.9677
0.9679
0.9681
0.9683
0.9685
0.9687
0.9689
0.9691
0.9693
0.9695
0.9697
0.9699
0.9701
0.9703
0.9705
0.9707
0.9709
0.9711
0.9713
0.9715
0.9717
0.9719
0.9721
0.9723
0.9725
0.9727
0.9729
0.9731
0.9733
0.9735
0.9737
0.9739
0.9741
0.9743
0.9745
0.9747
0.9749
0.9751
0.9753
0.9755
0.9757
0.9759
0.9761
0.9763
0.9765
0.9767
0.9769
0.9771
0.9773
0.9775
0.9777
0.9779
0.9781
0.9783
0.9785
0.9787
0.9789
0.9791
0.9793
0.9795
0.9797
0.9799
0.9801
0.9803
0.9805
0.9807
0.9809
0.9811
0.9813
0.9815
0.9817
0.9819
0.9821
0.9823
0.9825
0.9827
0.9829
0.9831
0.9833
0.9835
0.9837
0.9839
0.9841
0.9843
0.9845
0.9847
0.9849
0.9851
0.9853
0.9855
0.9857
0.9859
0.9861
0.9863
0.9865
0.9867
0.9869
0.9871
0.9873
0.9875
0.9877
0.9879
0.9881
0.9883
0.9885
0.9887
0.9889
0.9891
0.9893
0.9895
0.9897
0.9899
0.9901
0.9903
0.9905
0.9907
0.9909
0.9911
0.9913
0.9915
0.9917
0.9919
0.9921
0.9923
0.9925
0.9927
0.9929
0.9931
0.9933
0.9935
0.9937
0.9939
0.9941
0.9943
0.9945
0.9947
0.9949
0.9951
0.9953
0.9955
0.9957
0.9959
0.9961
0.9963
0.9965
0.9967
0.9969
0.9971
0.9973
0.9975
0.9977
0.9979
0.9981
0.9983
0.9985
0.9987
0.9989
0.9991
0.9993
0.9995
0.9997
0.9999
)
;
    }
    inlet
    {
        type            calculated;
        value           uniform 0;
    }
    outlet
    {
        type            calculated;
        value           uniform 1;
    }
    axis
    {
        type            empty;
    }
}


// ************************************************************************* //
